0.01161435379209823 0.017099609152594418 0.01170604239316783 0.01774457754035812 0.01200288129305614 0.01904804015877501 0.012123302668893138 0.02247961652313913 0.01234193259556214 0.027069666992999827 0.013373643697476657 0.03780049085093715 0.015437296892419461 0.046209786626545804 0.01631830398339865 0.058122745645805 0.0115750900155449 0.04653205029898778 0.04005284907214273 0.055107564997636
0.016596016269754876 0.03135752259690147 0.01646168242022139 0.03136282408921937 0.016734259190615348 0.03135013639810078 0.016707934856203983 0.031642735370878625 0.01658370769338833 0.030900389208920694 0.01660671084884298 0.03195551451563839 0.01669212506023051 0.03094853634151274 0.016012409409907113 0.03440618673665426 0.014538803464704165 0.028142758988309282 0.023763084815374886 0.18678077970380508
0.009464383531438122 0.019612877270340084 0.009452451259819384 0.019446571328928075 0.009645132502036566 0.019749758357553045 0.009947882000686551 0.019488085085789867 0.010459356188759709 0.019472645651319752 0.010751137762814876 0.01929251410328997 0.010958778462044442 0.01955242549040956 0.01054182503734372 0.017970260313180664 0.007648273477339018 0.027930729633676803 0.0072857899955391155 0.0905052990006509
0.013872474970855359 0.012449183425998836 0.014893970639042003 0.013560646844462147 0.015722631573935372 0.013035205581982677 0.017442374039672682 0.01300529227884061 0.01946915410266767 0.013887696666920378 0.021079496060810724 0.014477325263799428 0.023487414432916964 0.016698999767793554 0.02660378913797237 0.015684512046567574 0.02229846858998949 0.02455070662081942 0.03342072090481983 0.025692286725036456
0.018101825437205926 0.017395239095460206 0.018263123999879963 0.017593797805333017 0.01817806999389076 0.018187228965969304 0.018333457660258422 0.019539600422044088 0.017944573006748468 0.019987797122847602 0.017618459433229854 0.022150069664388445 0.019019379503227612 0.021219474277574306 0.01692179009628726 0.025595187859063333 0.017444655162628574 0.04142495050766925 0.11116084645878045 0.03136450967133635
0.022691898979172995 0.025540679863205087 0.02226322087158855 0.026656436177873402 0.024681238799875074 0.025787588805405617 0.026987302164614115 0.025601528670310666 0.02831874223192381 0.025742490713001137 0.029736750378698603 0.02677317659008767 0.03369136150967604 0.0287237511568565 0.03611836958743814 0.029803102211110228 0.03581632064497035 0.04606777175848498 0.04067382761613852 0.08815387629562381
0.013101402099196989 0.0188206482659224 0.01322364297918081 0.01877736309402844 0.013302393169323568 0.018877004004597655 0.013656690930315192 0.018430488668757655 0.014099950038866601 0.019311692258131705 0.014661744214056069 0.019984229296881637 0.014833549451612797 0.023248923241730262 0.015221345947823813 0.022099416036329596 0.013982080916809237 0.0687732857137848 0.028369488162601434 0.08259053917569778
0.01851383688821381 0.01298040167211341 0.01945136145784372 0.01306411340568993 0.018897255958739048 0.013037861368530749 0.02037444263462026 0.013096225112543167 0.02034699466235809 0.013280323934988696 0.022398856733485677 0.013204131825599845 0.026255744196381287 0.015157053541654903 0.03223209105043893 0.020660004948980196 0.033285888349906076 0.024563123587081775 0.04324387933809544 0.044859040463488487
0.01851920942083369 0.02466099116468318 0.018280670838956025 0.025420328499957727 0.01844493996436109 0.02712397465294917 0.018373664332427816 0.030719806378940437 0.01856157189232775 0.0357387282427959 0.019562003459150153 0.044671367961850596 0.01984845204367047 0.05827723193234888 0.019611984520902175 0.06536312877287564 0.019529707395498138 0.07823011941660431 0.06683264865035983 0.0618396574968224
0.010816688381870289 0.015111919035422977 0.01086730049423122 0.015086242896211582 0.011054365760285397 0.014938671328516688 0.011259482391701988 0.015165755536024107 0.011533786545384794 0.014654259709374009 0.011845674517250831 0.014811797461013958 0.01224794012814981 0.01523583851817285 0.012832181378553641 0.016928321103199022 0.012081424821163967 0.01185098105799271 0.021913691083570063 0.0668874183150838
0.02287202224054506 0.03833921482018622 0.02325202301179622 0.03835372252237009 0.023316638133402522 0.03771365889417941 0.023448553454999507 0.037792100201725055 0.025590765493973492 0.03679604140083239 0.026268372640326648 0.039285269270293216 0.027759308575513782 0.03965326336928431 0.02707281015402264 0.05783009632609007 0.02432010174610081 0.1228153947478198 0.055809690024531275 0.1823323317800625
0.04440632932323628 0.028394254034215718 0.04516237833573 0.028438498793476413 0.04648225581412192 0.028639852321304855 0.04957492359928026 0.029270544120251592 0.05397289876915679 0.029431284146528063 0.06099587959566495 0.030506204480281986 0.07099288448404287 0.030089893043876634 0.07675884556773079 0.028029014600739883 0.09247020692669786 0.0516779461450384 0.14466810400448787 0.046354574331039934
0.03952263831918917 0.022226657405071536 0.038937821898915655 0.02214482093887659 0.03881735113742899 0.022160787431783728 0.03851870656623571 0.021284123369008145 0.038390153674096206 0.02320434720745892 0.040142345813690104 0.023459416430632006 0.04309431343831683 0.023153194755656338 0.069019618965021 0.022110386501294644 0.102550764244618 0.019317561268255377 0.18486117108176597 0.05204899645426241
0.02061612399230775 0.028367099893051674 0.02072362480913981 0.029464616794810373 0.021121020863705132 0.03124387786480984 0.02123870011412831 0.0382091391110501 0.02194597097038624 0.043788584112614076 0.023221268934239942 0.06260171572847352 0.025256134091140102 0.08638105323630713 0.025192279030143355 0.07959104399757085 0.022163864330906242 0.10343913688347274 0.06659884750690667 0.07710884464568163
0.0189426338534879 0.014268341926240782 0.019004684844370935 0.014343083648963147 0.018724428116679858 0.014446792429522981 0.01874427523518057 0.014776782158249242 0.019499759031771032 0.015061631971788005 0.019607537088723544 0.015079624102980761 0.022065537930081314 0.015378213266099073 0.02231071719255002 0.015012343585125527 0.015092258491536323 0.020460778218718636 0.10167043707204408 0.03612061478586123
0.019600096397222697 0.008766383482350839 0.01953857499590348 0.008819155978068614 0.019798555910797284 0.008779015964216165 0.019790241004602947 0.009153931827128765 0.019532913261243498 0.009489986960777857 0.019793208434222047 0.009580364144028996 0.01970349199456306 0.009466957725386126 0.021991736282548257 0.009312183621291055 0.03129134728240129 0.0066348354973479575 0.10618046273806128 0.003972626847264802
0.006131029742762865 0.0032291457477804622 0.006165265052990859 0.003218044920080328 0.006219655433383992 0.0032237046582403645 0.006195639713780117 0.0032630029017271123 0.006232134061053265 0.0034043610579625864 0.006513030723677165 0.0034648634757645964 0.006830441663237208 0.0034447488773781216 0.006383587023724362 0.003413811734749213 0.009566394476724678 0.0024271039073871944 0.027725688533077532 0.003122520353666877
0.03423799066372738 0.0230379899741519 0.035236404451369566 0.023222666221085316 0.037614809051931625 0.024087447542570428 0.04471496174375281 0.024612323320400715 0.05450092535462756 0.025091112662421082 0.07924620682891441 0.02698311015051063 0.09049681789899745 0.03148307266931832 0.11887999538117523 0.030308789380470543 0.08584370997877223 0.02569685309406652 0.10861372457593656 0.07205167851541534
0.02091797643163864 0.042753988892716636 0.021236326090440696 0.04167211434541879 0.020942883783977094 0.04220726842875289 0.02096121951857114 0.04408168840048089 0.02140606233280209 0.04380905060141258 0.02113424736228397 0.04618102598979957 0.021273550132874647 0.0446918108514047 0.02108705992918087 0.043852760182552596 0.016785424341843488 0.05005362484527712 0.032174860529412465 0.19023468990492642
0.010799492704931073 0.01685319244358676 0.011186457271134686 0.01709110800022797 0.01091637329580229 0.018388505224788076 0.010796609839846542 0.019940398987509985 0.011564608631514137 0.022860028921401834 0.01176269375476718 0.029109665345545637 0.011672966018729204 0.035674195322780024 0.012117434572700696 0.03877538248335698 0.011416687213636773 0.03985152562193806 0.01945870949361142 0.03551508461655677
0.022058180943088146 0.02516152738224755 0.022371313225679576 0.026512371032547836 0.02269296027626911 0.02799475612405076 0.02348076438521523 0.031129389243319885 0.025022126755478574 0.037839315522659525 0.026922069013505 0.0431545450709428 0.03017213208348967 0.04741267523898429 0.03361645172322119 0.059313536589283414 0.03030428043147619 0.0702489798458307 0.04973171926134727 0.0794136268758343
0.0098851483196295 0.014589904516985662 0.009930993026228602 0.014429966755318461 0.010046265539199583 0.014959038546570737 0.010071745888010821 0.015103911705250321 0.010070710605551309 0.01538227727116016 0.010253741107981667 0.016386354266373686 0.009338308005286186 0.017089669737679274 0.010020464872545631 0.019331243193704998 0.00874473129710402 0.021748722132379703 0.026203557661050234 0.04102362886643859
0.017203657941483687 0.016513133105695327 0.017507820288896882 0.016568809198045285 0.0175209291623327 0.0169988051874895 0.017998535797344197 0.017630192584034268 0.018335505043310323 0.01879436025141754 0.018756481764472904 0.021362548274557244 0.01940482971073049 0.026867052130924145 0.022227472939804323 0.031456204950288176 0.029316254162276203 0.044953644680179095 0.04885800735558343 0.035840493608119584
0.030678941171931987 0.012296429041947665 0.030972581080031585 0.012285498719436011 0.031256986341354466 0.012364924244040273 0.03106695789298513 0.01239507508174386 0.03132965349813541 0.012652602936347469 0.030808683475863324 0.01252813517553637 0.02992485701825996 0.01258768853160414 0.04133191632208135 0.012417926535901982 0.05324736622202013 0.010607256120825163 0.12308647241758419 0.017416398444642316
0.013524419540066404 0.03230342139843058 0.013935351544041248 0.032275759269629015 0.014076794564260628 0.032545040228933994 0.014440972921828832 0.03556282743858641 0.015094176414268438 0.03763571141805305 0.015883915974853766 0.03877280334748576 0.01622768072509427 0.04680248061280254 0.01475426286958141 0.05417306010887819 0.011337492214620302 0.05926249289377868 0.018189198038971743 0.11200103114390907
0.011246856929114457 0.013885024852317804 0.011417813499040296 0.014141142085823169 0.011653214663486353 0.0153995057845432 0.011732328342411428 0.017670496353744777 0.011630349597513974 0.019097837317538346 0.012954280193930419 0.021818783772113968 0.012814761590113528 0.02666111690003783 0.012762088439487522 0.02882863494679105 0.012717184324482406 0.028335185075686543 0.012793538396907935 0.02880661654238577
0.01504536524670253 0.011266616079167357 0.015764624310055368 0.011312960959836126 0.015346539299306029 0.011726239166809992 0.016463132959480348 0.011840087139786203 0.016715388470912716 0.011997785565118801 0.018134429501309352 0.013852994671500462 0.020677275759625934 0.015686722540961543 0.02339421353976232 0.020542293329765395 0.029028368975987796 0.030615827189033256 0.03746651466360515 0.020158006444898482
0.027367485009067355 0.025243056515185443 0.027641502443288727 0.025355372030162575 0.02808458705852096 0.02473658468975299 0.0287111498049931 0.02793969154030962 0.030523750730485667 0.027275557123221193 0.03342890297157623 0.02868372305323147 0.041816477659100335 0.03025105752227812 0.05477377456699645 0.03683326299486086 0.06681778437363475 0.04497111297663089 0.07395242230625686 0.06514081227014007
0.015998199352455632 0.006888678427858018 0.016219245592502606 0.006888296421903959 0.016072868218907917 0.0069233228123213265 0.016667813892378064 0.0069192317998948176 0.01775979261447039 0.006896541512372352 0.019485098144814174 0.006958767937190914 0.019857310098421184 0.006951225197406391 0.02782967095825496 0.006683939914681028 0.014890714300922474 0.006096974227290124 0.08006137529798717 0.010233225897620601
0.0071405322886469984 0.01882394874559786 0.007209589302641463 0.018709674002486187 0.0072723723970907405 0.019092089798969567 0.007220553642451544 0.018977502224126627 0.007201834693443779 0.019071772884663944 0.007186715965236416 0.019175243607408667 0.007242233460814789 0.019498393576067967 0.007251469730380722 0.021250796186444987 0.006954111958144881 0.030666473149758025 0.0063625051664479 0.07702479772237608
0.018393116204234606 0.04344475777244702 0.01834787558606632 0.04266870269314612 0.01837952254624787 0.044542918157917305 0.018606510290010324 0.043958678078201086 0.018967500012093717 0.04424956890629678 0.019041852070646546 0.045024299649847485 0.01931485973518832 0.045016257476598605 0.018740936720174118 0.05194804543089144 0.013984525180018734 0.06865412377679891 0.010821086475090561 0.1990353856846502
0.0036495598876172246 0.006907074954946322 0.0037202218853140926 0.006996852463850453 0.0037118822737493198 0.007006214844329852 0.0037959915482626057 0.0071149847091212855 0.003705782520173945 0.007446285651535937 0.003975927827156762 0.008061684035759305 0.004156543509008615 0.009181882696874163 0.004595005351595845 0.009970587705448175 0.005194618470523902 0.010495030558455506 0.009962004326433255 0.018792752279031814
0.03582475010346678 0.022739978887149667 0.03607115038281 0.022847801232873336 0.03617003744367896 0.022569004613339088 0.03546176481865006 0.022798322844004276 0.03613880865275043 0.024423028253410698 0.03755694805460782 0.025428272520163525 0.04438381210332043 0.02524487714235804 0.05179667469453955 0.022722212274855987 0.13140331766308716 0.023174781705129478 0.10965185437919611 0.0683609783683814
0.016504075053258446 0.016200722412275635 0.016919256185939334 0.016282923981498346 0.01759390036629239 0.01645394538393181 0.01861379884687759 0.016700904854586092 0.020444239288544656 0.017290109221146845 0.023551705494473343 0.017272366534994803 0.027206416930590158 0.018780989929936907 0.032705956827792905 0.022295992764785447 0.0491572304679826 0.02680370801512119 0.030177531911478577 0.05394169576346649
0.008717080643895626 0.019922716016236897 0.009054333074827274 0.02104145047398204 0.008893773666546942 0.020771534301988307 0.008885627870209363 0.02349711009757702 0.008852621990030644 0.027084268188952217 0.008878331887128768 0.032414083358477945 0.008992498268595982 0.037999002784364425 0.008336700654048238 0.039199944009705896 0.008522803449978406 0.03766447319957927 0.03307733541175321 0.06187267471246615
0.016847369229974304 0.019170020659661006 0.017129433819289882 0.020286929881786615 0.017061794383770326 0.019943485645517997 0.01830372800924822 0.02053063440558139 0.01881882074606363 0.021101267269077257 0.01911141578139462 0.0257895104514706 0.01973767383484231 0.027933757290231953 0.024222021150038197 0.03900631722102975 0.025976400685860566 0.03440737975841582 0.05537416932549511 0.04439712752784763
0.013147072024004692 0.022888392963308243 0.01333113446259634 0.02276965141985168 0.013223760668896991 0.02267210569102433 0.013398938202240897 0.022519861506934153 0.013381182233967604 0.022512033288327918 0.013998780958423123 0.02201763171742141 0.014595863766949102 0.0238194098551274 0.01503501687913014 0.037548471524498236 0.010371450504161474 0.08551331303145193 0.017149649265197846 0.09330298791844813
0.026330328309163167 0.039265663081439625 0.02692530553606447 0.039706354209298605 0.025487054899786254 0.039205104924458674 0.029048567571093895 0.038786472695508625 0.029768536465739605 0.03980985863666965 0.03132893766837558 0.04195704190052053 0.031588011559018206 0.04287935402228875 0.030920618404944398 0.061015243069639416 0.03395615622526639 0.09774298180354556 0.056266551697431326 0.1192776047180879
0.009432633275306523 0.011076963900897036 0.009740102823004146 0.01209921969588869 0.010044822573612314 0.012581916611476725 0.009637414116528966 0.014198626958458199 0.010203936340135736 0.015323917007265653 0.010328135340060924 0.01714493068139511 0.010639257144004597 0.020495435632998757 0.011945796899125437 0.02162452596924204 0.014270397564485476 0.018669453473548387 0.018886195585986525 0.030196018144438702
0.012141671122024677 0.015688951439942814 0.01198904553244103 0.01618894656273088 0.013012202341197009 0.015771686376098645 0.013976694944533463 0.015619728624431558 0.01487434134220121 0.01584516334859799 0.016177571818484632 0.01727918909252571 0.015363089598987866 0.018091239420996795 0.01850909976047316 0.025588210220948555 0.019600598057607097 0.04788865855187465 0.019513767210077557 0.04323965174528223
0.04488082982605481 0.02153053734028093 0.04454176053762236 0.021365823219638206 0.04429646141800699 0.021434430540887953 0.043630499872587374 0.021330671103617877 0.04431848748838986 0.021636503698198972 0.04681582899158759 0.02164441692466415 0.05342406247549343 0.02202150079921157 0.09545950294544282 0.020550083067140595 0.06406313955490463 0.01969179498275349 0.181397962593654 0.059633242593106074
0.022853312293503947 0.012124113245583445 0.02276753500523829 0.012193145819459135 0.02250749939923089 0.012153371673298441 0.02241219369688565 0.012033848742649195 0.02202154213301409 0.012097335834617584 0.021858817753056852 0.012063422485223584 0.023489583342404613 0.012363086687160426 0.019920187841525248 0.012211361710848263 0.02192927604450061 0.010843137767585843 0.10882876574962681 0.016128719505384415
0.010024266646510738 0.01617402476486439 0.010407950112609072 0.016575259180134923 0.010131662500089018 0.01767244780982901 0.009946012496895503 0.01915333556538206 0.010272226210358417 0.021805599832666306 0.01037358904721407 0.028363522171590327 0.010582884693250916 0.03287322171383543 0.010927054720364794 0.03609138952240213 0.009932431970941272 0.03648869018609371 0.017411876102062206 0.035650976988566264
0.014872756788880843 0.010412142876587252 0.014937518267498224 0.010370226850862386 0.01505175783047959 0.010398369865874715 0.014811003507881226 0.010808343559596577 0.015375772985071333 0.01081893081281187 0.015957245499608877 0.011375549359240449 0.01761692890284952 0.011610421226540367 0.016707313871899613 0.010434360200685276 0.04730333179799721 0.015265538654653223 0.07721851548551542 0.019399073540327466
0.03387442646185958 0.03104663514952825 0.03353156053097588 0.03127127339479161 0.033681586786966304 0.03122396463108616 0.0338026744220423 0.03130254025699744 0.033034065299897296 0.03194978902234009 0.034191503879874935 0.03279973757299053 0.0339848998352691 0.03240454931443803 0.03061536848233205 0.03849826461932106 0.10652057155573884 0.07713133827147119 0.18017521306975637 0.10586936299259052
0.015439923054122125 0.03065665301721548 0.015510812970192198 0.030530460420201452 0.015394816206514726 0.030501213876129814 0.015256469132985572 0.03223790485269304 0.015272644093051381 0.032133456573285334 0.015392658567752125 0.033135918050472515 0.015386709617649909 0.031243604284909462 0.014994044608723455 0.030334299920848278 0.01270416721741665 0.03673413623892827 0.022666092254179062 0.0863344610811994
0.03876423630848836 0.017943335367984845 0.03838566450254451 0.017960355049106647 0.03817544678281192 0.01820603814480711 0.0379989874858341 0.018044080475729432 0.03815241118257273 0.017854313978875856 0.037305249593913896 0.018130816781323385 0.03896703204523168 0.0178105304270753 0.03603615329419465 0.017669365094228277 0.05826954562380075 0.015600673793041036 0.26660510246761815 0.0393039476418847
0.01654975231912085 0.01842224302556585 0.016292560982286215 0.018769098021666 0.017596789578278798 0.018354465055250357 0.018576195982406753 0.018292105965645858 0.02024958797271155 0.018246134768392198 0.02157629728552982 0.019139841433645614 0.02328967600162436 0.0199652135887008 0.024263539775049563 0.02244822901921875 0.026289700264649045 0.0345897103070516 0.027360032586003925 0.06334814692111802
0.009245047360346832 0.020542738849293973 0.00922391561177831 0.01957722777725962 0.009193990057996046 0.02067603061292933 0.009339224176493958 0.020801396800165343 0.009200941794293503 0.021567331509481938 0.009338909626126664 0.0205539513756993 0.009141804661848708 0.021622903245445472 0.008859860092860434 0.02081058591752313 0.007638069829674583 0.02828303654484966 0.01413354156483731 0.09002123206862342
0.02138764517958389 0.014365992767823698 0.021404264501773372 0.014413382105407949 0.02175582845881224 0.014161878519418594 0.021687102034353593 0.014657719211773541 0.022380740445158975 0.014758831112494632 0.022267778667943473 0.014763528636439115 0.024382319099606555 0.015368197475704524 0.026587262470598977 0.01612833988227443 0.04304659408112955 0.011977684212399337 0.032304630990852054 0.028022354123998134
0.03069193212959446 0.03867171005647005 0.03094907645179567 0.03949567328292218 0.02911590565609856 0.04042148285169129 0.03290375494487384 0.04131210178838129 0.03384814118648251 0.04528551097658309 0.03339660442228648 0.0534286056782596 0.034467023158044924 0.059390604389642505 0.04034406903332471 0.0719035761500433 0.05627350880708415 0.10979970830241725 0.07483159684615445 0.07328477079947496
0.04203095060936059 0.024927315245403515 0.04304308958952516 0.024920329237965198 0.04510980673540693 0.025418553628365186 0.05315135333993958 0.025440392622453577 0.06252252490217922 0.02538677606507062 0.08248848576697888 0.027355171632363645 0.09398387773758148 0.0274190548922698 0.11822165211491051 0.02815037284892597 0.13409460216153693 0.02303741767263813 0.17547476515750812 0.06413183352978419
0.021482889494682907 0.027099432520295924 0.021985900995068065 0.02799984240835533 0.022220097146392934 0.03063791447956011 0.022896117265250593 0.036281725106919294 0.024323266626332222 0.04419268235798529 0.02513289564188333 0.05201609596731803 0.029861375299073577 0.05456716509772697 0.032954277095893936 0.07946761376672544 0.03148207981605332 0.05408051424913515 0.05538931287502483 0.09862303206791466
0.030109857753272105 0.025233086326590305 0.03031156680680326 0.025359452685847925 0.03024220665095119 0.02611737960592103 0.030511014834888796 0.027122487028321846 0.03171619850568223 0.028565713681468746 0.03234659947879728 0.033491521494330066 0.036108860935574125 0.0331689287772281 0.03698722462708128 0.030874894451280818 0.056771481021012066 0.046346174297448355 0.0546743107937732 0.05824262219458383
0.00959645461130585 0.010647655151051143 0.009643485588544382 0.010791315037759815 0.00997689792092283 0.01059500383961656 0.011009522172152425 0.010752392811118734 0.012197939369029737 0.010779878493786773 0.013097973530419856 0.010917493959666206 0.012738686496128703 0.011819719522148595 0.019209443401728355 0.011671256175152385 0.02262552213771007 0.014874706704773918 0.03200771037162066 0.020994054156963364
0.033431244385203264 0.0159191184252744 0.03306970658504758 0.015842460972445165 0.03363935983479715 0.015939239112179086 0.03439171901013231 0.01607719220502986 0.034252583900958734 0.016125709498190473 0.03553003235828882 0.016191255525292006 0.034021457659733745 0.016266654037198902 0.03694109802984148 0.016409555044765083 0.047204901293444936 0.013359528973678257 0.09934879972543523 0.02791515570459213
0.03965415251247197 0.018847391949817622 0.039058084730886795 0.018803147664548398 0.03947571943773852 0.01900998151070599 0.039133308311708914 0.018989623966045737 0.03929207970110094 0.018877605496280755 0.04051210445003446 0.01895368864430247 0.04082188593197869 0.019144382796815896 0.04885174777836606 0.018550766239523148 0.059687649783224585 0.013847194713811425 0.13411930611313108 0.05334963391024548
0.01576556062179327 0.017500993553038337 0.01566878311212995 0.017639617984931626 0.015590283518458444 0.017624670912318636 0.01570548919872659 0.01742360047283958 0.015874742208907614 0.017619677780969 0.015708505343461934 0.01714173446620692 0.015608529559955757 0.01659419283448219 0.020398404444711776 0.01666267840522018 0.016304447123880926 0.036959970116347725 0.06789319682467208 0.0699803614568481
0.01557493438940289 0.006960777842087839 0.015478335052011936 0.0070139027449581375 0.015650833155216214 0.006937206538175928 0.015436771861932643 0.0070509722101490735 0.015582197610721172 0.007118666941839276 0.015452809788612331 0.007103564477638477 0.014458446214888232 0.006975976710720417 0.01689514253333715 0.006838388165773185 0.033279400180934365 0.00623660426643614 0.09992213873709066 0.013707123566269413
0.008753850220022424 0.006780238992234723 0.00873203888284717 0.006760885024615512 0.008706931326124963 0.006745196981356443 0.008630928190841478 0.0069483054268661745 0.008861364068131566 0.007161493964660795 0.00913864622947254 0.007186933281145059 0.010734665376174879 0.007159535433792858 0.008806633664867183 0.007192349227064274 0.02829762502260874 0.0076163293018758965 0.04863635852407806 0.012790321170166052
0.010081333252436816 0.02279939716041076 0.009947724426919925 0.022828942388146145 0.010037440056102794 0.022875147674053183 0.010030467316462944 0.022967303390121444 0.010001893096981313 0.02300190439570798 0.010016992925331447 0.02302952065622838 0.009824839341314692 0.0216870083509708 0.009765149903011302 0.024764044041337637 0.008664996682785675 0.034617894928045255 0.014690927205291818 0.14050968702777872
0.018380824555334522 0.013970295272465938 0.01860878556386835 0.013940047222951854 0.018774813360337934 0.013663390197649136 0.01887719122276334 0.013890694471326957 0.020454558724377268 0.014826800885636317 0.022943625265728084 0.015312182588765095 0.02660112299709042 0.015299903024304727 0.03114075996865448 0.014835327403802038 0.061594725480522486 0.020335613652982948 0.035236401863386634 0.03883401969238879
0.006009683661597461 0.013427509033071158 0.005945989226088842 0.013277109274709984 0.006036174332863194 0.013493630692894673 0.006013689106788322 0.013315305796866739 0.00606823633994948 0.013472268751283371 0.005954945908800454 0.013302752397298823 0.006011286926420417 0.01364805006072317 0.006006364994503292 0.01610934758430046 0.004981980840656393 0.01979281979555842 0.012522438378073136 0.06403910540252226
0.022578520652813915 0.023859358116529217 0.02447428902206023 0.025826595614959074 0.024419903584364758 0.025108041060926452 0.025782573423636004 0.025730422010776972 0.02894450276893715 0.027285809225787588 0.028526655536594822 0.03119155875518571 0.031240117392464534 0.036985923270411926 0.037130121134544336 0.045583640691520676 0.039955094452737004 0.04832766461431357 0.04815845549271572 0.041964600092138156
