0.01161435379209823 0.017099609152594418 0.01170604239316783 0.01774457754035812 0.01200288129305614 0.01904804015877501 0.012123302668893138 0.02247961652313913 0.01234193259556214 0.027069666992999827 0.013373643697476657 0.03780049085093715 0.015437296892419461 0.046209786626545804 0.01631830398339865 0.058122745645805 0.0115750900155449 0.04653205029898778 0.04005284907214273 0.055107564997636
0.016596016269754876 0.03135752259690147 0.01646168242022139 0.03136282408921937 0.016734259190615348 0.03135013639810078 0.016707934856203983 0.031642735370878625 0.01658370769338833 0.030900389208920694 0.01660671084884298 0.03195551451563839 0.01669212506023051 0.03094853634151274 0.016012409409907113 0.03440618673665426 0.014538803464704165 0.028142758988309282 0.023763084815374886 0.18678077970380508
0.009464383531438122 0.019612877270340084 0.009452451259819384 0.019446571328928075 0.009645132502036566 0.019749758357553045 0.009947882000686551 0.019488085085789867 0.010459356188759709 0.019472645651319752 0.010751137762814876 0.01929251410328997 0.010958778462044442 0.01955242549040956 0.01054182503734372 0.017970260313180664 0.007648273477339018 0.027930729633676803 0.0072857899955391155 0.0905052990006509
0.013872474970855359 0.012449183425998836 0.014893970639042003 0.013560646844462147 0.015722631573935372 0.013035205581982677 0.017442374039672682 0.01300529227884061 0.01946915410266767 0.013887696666920378 0.021079496060810724 0.014477325263799428 0.023487414432916964 0.016698999767793554 0.02660378913797237 0.015684512046567574 0.02229846858998949 0.02455070662081942 0.03342072090481983 0.025692286725036456
0.018101825437205926 0.017395239095460206 0.018263123999879963 0.017593797805333017 0.01817806999389076 0.018187228965969304 0.018333457660258422 0.019539600422044088 0.017944573006748468 0.019987797122847602 0.017618459433229854 0.022150069664388445 0.019019379503227612 0.021219474277574306 0.01692179009628726 0.025595187859063333 0.017444655162628574 0.04142495050766925 0.11116084645878045 0.03136450967133635
0.022691898979172995 0.025540679863205087 0.02226322087158855 0.026656436177873402 0.024681238799875074 0.025787588805405617 0.026987302164614115 0.025601528670310666 0.02831874223192381 0.025742490713001137 0.029736750378698603 0.02677317659008767 0.03369136150967604 0.0287237511568565 0.03611836958743814 0.029803102211110228 0.03581632064497035 0.04606777175848498 0.04067382761613852 0.08815387629562381
0.013101402099196989 0.0188206482659224 0.01322364297918081 0.01877736309402844 0.013302393169323568 0.018877004004597655 0.013656690930315192 0.018430488668757655 0.014099950038866601 0.019311692258131705 0.014661744214056069 0.019984229296881637 0.014833549451612797 0.023248923241730262 0.015221345947823813 0.022099416036329596 0.013982080916809237 0.0687732857137848 0.028369488162601434 0.08259053917569778
0.01851383688821381 0.01298040167211341 0.01945136145784372 0.01306411340568993 0.018897255958739048 0.013037861368530749 0.02037444263462026 0.013096225112543167 0.02034699466235809 0.013280323934988696 0.022398856733485677 0.013204131825599845 0.026255744196381287 0.015157053541654903 0.03223209105043893 0.020660004948980196 0.033285888349906076 0.024563123587081775 0.04324387933809544 0.044859040463488487
0.01851920942083369 0.02466099116468318 0.018280670838956025 0.025420328499957727 0.01844493996436109 0.02712397465294917 0.018373664332427816 0.030719806378940437 0.01856157189232775 0.0357387282427959 0.019562003459150153 0.044671367961850596 0.01984845204367047 0.05827723193234888 0.019611984520902175 0.06536312877287564 0.019529707395498138 0.07823011941660431 0.06683264865035983 0.0618396574968224
0.010816688381870289 0.015111919035422977 0.01086730049423122 0.015086242896211582 0.011054365760285397 0.014938671328516688 0.011259482391701988 0.015165755536024107 0.011533786545384794 0.014654259709374009 0.011845674517250831 0.014811797461013958 0.01224794012814981 0.01523583851817285 0.012832181378553641 0.016928321103199022 0.012081424821163967 0.01185098105799271 0.021913691083570063 0.0668874183150838
0.02287202224054506 0.03833921482018622 0.02325202301179622 0.03835372252237009 0.023316638133402522 0.03771365889417941 0.023448553454999507 0.037792100201725055 0.025590765493973492 0.03679604140083239 0.026268372640326648 0.039285269270293216 0.027759308575513782 0.03965326336928431 0.02707281015402264 0.05783009632609007 0.02432010174610081 0.1228153947478198 0.055809690024531275 0.1823323317800625
0.04440632932323628 0.028394254034215718 0.04516237833573 0.028438498793476413 0.04648225581412192 0.028639852321304855 0.04957492359928026 0.029270544120251592 0.05397289876915679 0.029431284146528063 0.06099587959566495 0.030506204480281986 0.07099288448404287 0.030089893043876634 0.07675884556773079 0.028029014600739883 0.09247020692669786 0.0516779461450384 0.14466810400448787 0.046354574331039934
0.03952263831918917 0.022226657405071536 0.038937821898915655 0.02214482093887659 0.03881735113742899 0.022160787431783728 0.03851870656623571 0.021284123369008145 0.038390153674096206 0.02320434720745892 0.040142345813690104 0.023459416430632006 0.04309431343831683 0.023153194755656338 0.069019618965021 0.022110386501294644 0.102550764244618 0.019317561268255377 0.18486117108176597 0.05204899645426241
0.02061612399230775 0.028367099893051674 0.02072362480913981 0.029464616794810373 0.021121020863705132 0.03124387786480984 0.02123870011412831 0.0382091391110501 0.02194597097038624 0.043788584112614076 0.023221268934239942 0.06260171572847352 0.025256134091140102 0.08638105323630713 0.025192279030143355 0.07959104399757085 0.022163864330906242 0.10343913688347274 0.06659884750690667 0.07710884464568163
0.0189426338534879 0.014268341926240782 0.019004684844370935 0.014343083648963147 0.018724428116679858 0.014446792429522981 0.01874427523518057 0.014776782158249242 0.019499759031771032 0.015061631971788005 0.019607537088723544 0.015079624102980761 0.022065537930081314 0.015378213266099073 0.02231071719255002 0.015012343585125527 0.015092258491536323 0.020460778218718636 0.10167043707204408 0.03612061478586123
0.019600096397222697 0.008766383482350839 0.01953857499590348 0.008819155978068614 0.019798555910797284 0.008779015964216165 0.019790241004602947 0.009153931827128765 0.019532913261243498 0.009489986960777857 0.019793208434222047 0.009580364144028996 0.01970349199456306 0.009466957725386126 0.021991736282548257 0.009312183621291055 0.03129134728240129 0.0066348354973479575 0.10618046273806128 0.003972626847264802
0.006131029742762865 0.0032291457477804622 0.006165265052990859 0.003218044920080328 0.006219655433383992 0.0032237046582403645 0.006195639713780117 0.0032630029017271123 0.006232134061053265 0.0034043610579625864 0.006513030723677165 0.0034648634757645964 0.006830441663237208 0.0034447488773781216 0.006383587023724362 0.003413811734749213 0.009566394476724678 0.0024271039073871944 0.027725688533077532 0.003122520353666877
0.03423799066372738 0.0230379899741519 0.035236404451369566 0.023222666221085316 0.037614809051931625 0.024087447542570428 0.04471496174375281 0.024612323320400715 0.05450092535462756 0.025091112662421082 0.07924620682891441 0.02698311015051063 0.09049681789899745 0.03148307266931832 0.11887999538117523 0.030308789380470543 0.08584370997877223 0.02569685309406652 0.10861372457593656 0.07205167851541534
0.02091797643163864 0.042753988892716636 0.021236326090440696 0.04167211434541879 0.020942883783977094 0.04220726842875289 0.02096121951857114 0.04408168840048089 0.02140606233280209 0.04380905060141258 0.02113424736228397 0.04618102598979957 0.021273550132874647 0.0446918108514047 0.02108705992918087 0.043852760182552596 0.016785424341843488 0.05005362484527712 0.032174860529412465 0.19023468990492642
0.010799492704931073 0.01685319244358676 0.011186457271134686 0.01709110800022797 0.01091637329580229 0.018388505224788076 0.010796609839846542 0.019940398987509985 0.011564608631514137 0.022860028921401834 0.01176269375476718 0.029109665345545637 0.011672966018729204 0.035674195322780024 0.012117434572700696 0.03877538248335698 0.011416687213636773 0.03985152562193806 0.01945870949361142 0.03551508461655677
0.022058180943088146 0.02516152738224755 0.022371313225679576 0.026512371032547836 0.02269296027626911 0.02799475612405076 0.02348076438521523 0.031129389243319885 0.025022126755478574 0.037839315522659525 0.026922069013505 0.0431545450709428 0.03017213208348967 0.04741267523898429 0.03361645172322119 0.059313536589283414 0.03030428043147619 0.0702489798458307 0.04973171926134727 0.0794136268758343
0.0098851483196295 0.014589904516985662 0.009930993026228602 0.014429966755318461 0.010046265539199583 0.014959038546570737 0.010071745888010821 0.015103911705250321 0.010070710605551309 0.01538227727116016 0.010253741107981667 0.016386354266373686 0.009338308005286186 0.017089669737679274 0.010020464872545631 0.019331243193704998 0.00874473129710402 0.021748722132379703 0.026203557661050234 0.04102362886643859
0.017203657941483687 0.016513133105695327 0.017507820288896882 0.016568809198045285 0.0175209291623327 0.0169988051874895 0.017998535797344197 0.017630192584034268 0.018335505043310323 0.01879436025141754 0.018756481764472904 0.021362548274557244 0.01940482971073049 0.026867052130924145 0.022227472939804323 0.031456204950288176 0.029316254162276203 0.044953644680179095 0.04885800735558343 0.035840493608119584
0.030678941171931987 0.012296429041947665 0.030972581080031585 0.012285498719436011 0.031256986341354466 0.012364924244040273 0.03106695789298513 0.01239507508174386 0.03132965349813541 0.012652602936347469 0.030808683475863324 0.01252813517553637 0.02992485701825996 0.01258768853160414 0.04133191632208135 0.012417926535901982 0.05324736622202013 0.010607256120825163 0.12308647241758419 0.017416398444642316
0.013524419540066404 0.03230342139843058 0.013935351544041248 0.032275759269629015 0.014076794564260628 0.032545040228933994 0.014440972921828832 0.03556282743858641 0.015094176414268438 0.03763571141805305 0.015883915974853766 0.03877280334748576 0.01622768072509427 0.04680248061280254 0.01475426286958141 0.05417306010887819 0.011337492214620302 0.05926249289377868 0.018189198038971743 0.11200103114390907
0.011246856929114457 0.013885024852317804 0.011417813499040296 0.014141142085823169 0.011653214663486353 0.0153995057845432 0.011732328342411428 0.017670496353744777 0.011630349597513974 0.019097837317538346 0.012954280193930419 0.021818783772113968 0.012814761590113528 0.02666111690003783 0.012762088439487522 0.02882863494679105 0.012717184324482406 0.028335185075686543 0.012793538396907935 0.02880661654238577
0.01504536524670253 0.011266616079167357 0.015764624310055368 0.011312960959836126 0.015346539299306029 0.011726239166809992 0.016463132959480348 0.011840087139786203 0.016715388470912716 0.011997785565118801 0.018134429501309352 0.013852994671500462 0.020677275759625934 0.015686722540961543 0.02339421353976232 0.020542293329765395 0.029028368975987796 0.030615827189033256 0.03746651466360515 0.020158006444898482
0.027367485009067355 0.025243056515185443 0.027641502443288727 0.025355372030162575 0.02808458705852096 0.02473658468975299 0.0287111498049931 0.02793969154030962 0.030523750730485667 0.027275557123221193 0.03342890297157623 0.02868372305323147 0.041816477659100335 0.03025105752227812 0.05477377456699645 0.03683326299486086 0.06681778437363475 0.04497111297663089 0.07395242230625686 0.06514081227014007
0.015998199352455632 0.006888678427858018 0.016219245592502606 0.006888296421903959 0.016072868218907917 0.0069233228123213265 0.016667813892378064 0.0069192317998948176 0.01775979261447039 0.006896541512372352 0.019485098144814174 0.006958767937190914 0.019857310098421184 0.006951225197406391 0.02782967095825496 0.006683939914681028 0.014890714300922474 0.006096974227290124 0.08006137529798717 0.010233225897620601
0.0071405322886469984 0.01882394874559786 0.007209589302641463 0.018709674002486187 0.0072723723970907405 0.019092089798969567 0.007220553642451544 0.018977502224126627 0.007201834693443779 0.019071772884663944 0.007186715965236416 0.019175243607408667 0.007242233460814789 0.019498393576067967 0.007251469730380722 0.021250796186444987 0.006954111958144881 0.030666473149758025 0.0063625051664479 0.07702479772237608
0.018393116204234606 0.04344475777244702 0.01834787558606632 0.04266870269314612 0.01837952254624787 0.044542918157917305 0.018606510290010324 0.043958678078201086 0.018967500012093717 0.04424956890629678 0.019041852070646546 0.045024299649847485 0.01931485973518832 0.045016257476598605 0.018740936720174118 0.05194804543089144 0.013984525180018734 0.06865412377679891 0.010821086475090561 0.1990353856846502
0.0036495598876172246 0.006907074954946322 0.0037202218853140926 0.006996852463850453 0.0037118822737493198 0.007006214844329852 0.0037959915482626057 0.0071149847091212855 0.003705782520173945 0.007446285651535937 0.003975927827156762 0.008061684035759305 0.004156543509008615 0.009181882696874163 0.004595005351595845 0.009970587705448175 0.005194618470523902 0.010495030558455506 0.009962004326433255 0.018792752279031814
0.03582475010346678 0.022739978887149667 0.03607115038281 0.022847801232873336 0.03617003744367896 0.022569004613339088 0.03546176481865006 0.022798322844004276 0.03613880865275043 0.024423028253410698 0.03755694805460782 0.025428272520163525 0.04438381210332043 0.02524487714235804 0.05179667469453955 0.022722212274855987 0.13140331766308716 0.023174781705129478 0.10965185437919611 0.0683609783683814
0.016504075053258446 0.016200722412275635 0.016919256185939334 0.016282923981498346 0.01759390036629239 0.01645394538393181 0.01861379884687759 0.016700904854586092 0.020444239288544656 0.017290109221146845 0.023551705494473343 0.017272366534994803 0.027206416930590158 0.018780989929936907 0.032705956827792905 0.022295992764785447 0.0491572304679826 0.02680370801512119 0.030177531911478577 0.05394169576346649
0.008717080643895626 0.019922716016236897 0.009054333074827274 0.02104145047398204 0.008893773666546942 0.020771534301988307 0.008885627870209363 0.02349711009757702 0.008852621990030644 0.027084268188952217 0.008878331887128768 0.032414083358477945 0.008992498268595982 0.037999002784364425 0.008336700654048238 0.039199944009705896 0.008522803449978406 0.03766447319957927 0.03307733541175321 0.06187267471246615
0.016847369229974304 0.019170020659661006 0.017129433819289882 0.020286929881786615 0.017061794383770326 0.019943485645517997 0.01830372800924822 0.02053063440558139 0.01881882074606363 0.021101267269077257 0.01911141578139462 0.0257895104514706 0.01973767383484231 0.027933757290231953 0.024222021150038197 0.03900631722102975 0.025976400685860566 0.03440737975841582 0.05537416932549511 0.04439712752784763
0.013147072024004692 0.022888392963308243 0.01333113446259634 0.02276965141985168 0.013223760668896991 0.02267210569102433 0.013398938202240897 0.022519861506934153 0.013381182233967604 0.022512033288327918 0.013998780958423123 0.02201763171742141 0.014595863766949102 0.0238194098551274 0.01503501687913014 0.037548471524498236 0.010371450504161474 0.08551331303145193 0.017149649265197846 0.09330298791844813
0.026330328309163167 0.039265663081439625 0.02692530553606447 0.039706354209298605 0.025487054899786254 0.039205104924458674 0.029048567571093895 0.038786472695508625 0.029768536465739605 0.03980985863666965 0.03132893766837558 0.04195704190052053 0.031588011559018206 0.04287935402228875 0.030920618404944398 0.061015243069639416 0.03395615622526639 0.09774298180354556 0.056266551697431326 0.1192776047180879
0.009432633275306523 0.011076963900897036 0.009740102823004146 0.01209921969588869 0.010044822573612314 0.012581916611476725 0.009637414116528966 0.014198626958458199 0.010203936340135736 0.015323917007265653 0.010328135340060924 0.01714493068139511 0.010639257144004597 0.020495435632998757 0.011945796899125437 0.02162452596924204 0.014270397564485476 0.018669453473548387 0.018886195585986525 0.030196018144438702
0.012141671122024677 0.015688951439942814 0.01198904553244103 0.01618894656273088 0.013012202341197009 0.015771686376098645 0.013976694944533463 0.015619728624431558 0.01487434134220121 0.01584516334859799 0.016177571818484632 0.01727918909252571 0.015363089598987866 0.018091239420996795 0.01850909976047316 0.025588210220948555 0.019600598057607097 0.04788865855187465 0.019513767210077557 0.04323965174528223
0.04488082982605481 0.02153053734028093 0.04454176053762236 0.021365823219638206 0.04429646141800699 0.021434430540887953 0.043630499872587374 0.021330671103617877 0.04431848748838986 0.021636503698198972 0.04681582899158759 0.02164441692466415 0.05342406247549343 0.02202150079921157 0.09545950294544282 0.020550083067140595 0.06406313955490463 0.01969179498275349 0.181397962593654 0.059633242593106074
0.022853312293503947 0.012124113245583445 0.02276753500523829 0.012193145819459135 0.02250749939923089 0.012153371673298441 0.02241219369688565 0.012033848742649195 0.02202154213301409 0.012097335834617584 0.021858817753056852 0.012063422485223584 0.023489583342404613 0.012363086687160426 0.019920187841525248 0.012211361710848263 0.02192927604450061 0.010843137767585843 0.10882876574962681 0.016128719505384415
0.010024266646510738 0.01617402476486439 0.010407950112609072 0.016575259180134923 0.010131662500089018 0.01767244780982901 0.009946012496895503 0.01915333556538206 0.010272226210358417 0.021805599832666306 0.01037358904721407 0.028363522171590327 0.010582884693250916 0.03287322171383543 0.010927054720364794 0.03609138952240213 0.009932431970941272 0.03648869018609371 0.017411876102062206 0.035650976988566264
0.014872756788880843 0.010412142876587252 0.014937518267498224 0.010370226850862386 0.01505175783047959 0.010398369865874715 0.014811003507881226 0.010808343559596577 0.015375772985071333 0.01081893081281187 0.015957245499608877 0.011375549359240449 0.01761692890284952 0.011610421226540367 0.016707313871899613 0.010434360200685276 0.04730333179799721 0.015265538654653223 0.07721851548551542 0.019399073540327466
0.03387442646185958 0.03104663514952825 0.03353156053097588 0.03127127339479161 0.033681586786966304 0.03122396463108616 0.0338026744220423 0.03130254025699744 0.033034065299897296 0.03194978902234009 0.034191503879874935 0.03279973757299053 0.0339848998352691 0.03240454931443803 0.03061536848233205 0.03849826461932106 0.10652057155573884 0.07713133827147119 0.18017521306975637 0.10586936299259052
0.015439923054122125 0.03065665301721548 0.015510812970192198 0.030530460420201452 0.015394816206514726 0.030501213876129814 0.015256469132985572 0.03223790485269304 0.015272644093051381 0.032133456573285334 0.015392658567752125 0.033135918050472515 0.015386709617649909 0.031243604284909462 0.014994044608723455 0.030334299920848278 0.01270416721741665 0.03673413623892827 0.022666092254179062 0.0863344610811994
0.03876423630848836 0.017943335367984845 0.03838566450254451 0.017960355049106647 0.03817544678281192 0.01820603814480711 0.0379989874858341 0.018044080475729432 0.03815241118257273 0.017854313978875856 0.037305249593913896 0.018130816781323385 0.03896703204523168 0.0178105304270753 0.03603615329419465 0.017669365094228277 0.05826954562380075 0.015600673793041036 0.26660510246761815 0.0393039476418847
0.01654975231912085 0.01842224302556585 0.016292560982286215 0.018769098021666 0.017596789578278798 0.018354465055250357 0.018576195982406753 0.018292105965645858 0.02024958797271155 0.018246134768392198 0.02157629728552982 0.019139841433645614 0.02328967600162436 0.0199652135887008 0.024263539775049563 0.02244822901921875 0.026289700264649045 0.0345897103070516 0.027360032586003925 0.06334814692111802
0.009245047360346832 0.020542738849293973 0.00922391561177831 0.01957722777725962 0.009193990057996046 0.02067603061292933 0.009339224176493958 0.020801396800165343 0.009200941794293503 0.021567331509481938 0.009338909626126664 0.0205539513756993 0.009141804661848708 0.021622903245445472 0.008859860092860434 0.02081058591752313 0.007638069829674583 0.02828303654484966 0.01413354156483731 0.09002123206862342
0.02138764517958389 0.014365992767823698 0.021404264501773372 0.014413382105407949 0.02175582845881224 0.014161878519418594 0.021687102034353593 0.014657719211773541 0.022380740445158975 0.014758831112494632 0.022267778667943473 0.014763528636439115 0.024382319099606555 0.015368197475704524 0.026587262470598977 0.01612833988227443 0.04304659408112955 0.011977684212399337 0.032304630990852054 0.028022354123998134
0.03069193212959446 0.03867171005647005 0.03094907645179567 0.03949567328292218 0.02911590565609856 0.04042148285169129 0.03290375494487384 0.04131210178838129 0.03384814118648251 0.04528551097658309 0.03339660442228648 0.0534286056782596 0.034467023158044924 0.059390604389642505 0.04034406903332471 0.0719035761500433 0.05627350880708415 0.10979970830241725 0.07483159684615445 0.07328477079947496
0.04203095060936059 0.024927315245403515 0.04304308958952516 0.024920329237965198 0.04510980673540693 0.025418553628365186 0.05315135333993958 0.025440392622453577 0.06252252490217922 0.02538677606507062 0.08248848576697888 0.027355171632363645 0.09398387773758148 0.0274190548922698 0.11822165211491051 0.02815037284892597 0.13409460216153693 0.02303741767263813 0.17547476515750812 0.06413183352978419
0.021482889494682907 0.027099432520295924 0.021985900995068065 0.02799984240835533 0.022220097146392934 0.03063791447956011 0.022896117265250593 0.036281725106919294 0.024323266626332222 0.04419268235798529 0.02513289564188333 0.05201609596731803 0.029861375299073577 0.05456716509772697 0.032954277095893936 0.07946761376672544 0.03148207981605332 0.05408051424913515 0.05538931287502483 0.09862303206791466
0.030109857753272105 0.025233086326590305 0.03031156680680326 0.025359452685847925 0.03024220665095119 0.02611737960592103 0.030511014834888796 0.027122487028321846 0.03171619850568223 0.028565713681468746 0.03234659947879728 0.033491521494330066 0.036108860935574125 0.0331689287772281 0.03698722462708128 0.030874894451280818 0.056771481021012066 0.046346174297448355 0.0546743107937732 0.05824262219458383
0.00959645461130585 0.010647655151051143 0.009643485588544382 0.010791315037759815 0.00997689792092283 0.01059500383961656 0.011009522172152425 0.010752392811118734 0.012197939369029737 0.010779878493786773 0.013097973530419856 0.010917493959666206 0.012738686496128703 0.011819719522148595 0.019209443401728355 0.011671256175152385 0.02262552213771007 0.014874706704773918 0.03200771037162066 0.020994054156963364
0.033431244385203264 0.0159191184252744 0.03306970658504758 0.015842460972445165 0.03363935983479715 0.015939239112179086 0.03439171901013231 0.01607719220502986 0.034252583900958734 0.016125709498190473 0.03553003235828882 0.016191255525292006 0.034021457659733745 0.016266654037198902 0.03694109802984148 0.016409555044765083 0.047204901293444936 0.013359528973678257 0.09934879972543523 0.02791515570459213
0.03965415251247197 0.018847391949817622 0.039058084730886795 0.018803147664548398 0.03947571943773852 0.01900998151070599 0.039133308311708914 0.018989623966045737 0.03929207970110094 0.018877605496280755 0.04051210445003446 0.01895368864430247 0.04082188593197869 0.019144382796815896 0.04885174777836606 0.018550766239523148 0.059687649783224585 0.013847194713811425 0.13411930611313108 0.05334963391024548
0.01576556062179327 0.017500993553038337 0.01566878311212995 0.017639617984931626 0.015590283518458444 0.017624670912318636 0.01570548919872659 0.01742360047283958 0.015874742208907614 0.017619677780969 0.015708505343461934 0.01714173446620692 0.015608529559955757 0.01659419283448219 0.020398404444711776 0.01666267840522018 0.016304447123880926 0.036959970116347725 0.06789319682467208 0.0699803614568481
0.01557493438940289 0.006960777842087839 0.015478335052011936 0.0070139027449581375 0.015650833155216214 0.006937206538175928 0.015436771861932643 0.0070509722101490735 0.015582197610721172 0.007118666941839276 0.015452809788612331 0.007103564477638477 0.014458446214888232 0.006975976710720417 0.01689514253333715 0.006838388165773185 0.033279400180934365 0.00623660426643614 0.09992213873709066 0.013707123566269413
0.008753850220022424 0.006780238992234723 0.00873203888284717 0.006760885024615512 0.008706931326124963 0.006745196981356443 0.008630928190841478 0.0069483054268661745 0.008861364068131566 0.007161493964660795 0.00913864622947254 0.007186933281145059 0.010734665376174879 0.007159535433792858 0.008806633664867183 0.007192349227064274 0.02829762502260874 0.0076163293018758965 0.04863635852407806 0.012790321170166052
0.010081333252436816 0.02279939716041076 0.009947724426919925 0.022828942388146145 0.010037440056102794 0.022875147674053183 0.010030467316462944 0.022967303390121444 0.010001893096981313 0.02300190439570798 0.010016992925331447 0.02302952065622838 0.009824839341314692 0.0216870083509708 0.009765149903011302 0.024764044041337637 0.008664996682785675 0.034617894928045255 0.014690927205291818 0.14050968702777872
0.018380824555334522 0.013970295272465938 0.01860878556386835 0.013940047222951854 0.018774813360337934 0.013663390197649136 0.01887719122276334 0.013890694471326957 0.020454558724377268 0.014826800885636317 0.022943625265728084 0.015312182588765095 0.02660112299709042 0.015299903024304727 0.03114075996865448 0.014835327403802038 0.061594725480522486 0.020335613652982948 0.035236401863386634 0.03883401969238879
0.006009683661597461 0.013427509033071158 0.005945989226088842 0.013277109274709984 0.006036174332863194 0.013493630692894673 0.006013689106788322 0.013315305796866739 0.00606823633994948 0.013472268751283371 0.005954945908800454 0.013302752397298823 0.006011286926420417 0.01364805006072317 0.006006364994503292 0.01610934758430046 0.004981980840656393 0.01979281979555842 0.012522438378073136 0.06403910540252226
0.022578520652813915 0.023859358116529217 0.02447428902206023 0.025826595614959074 0.024419903584364758 0.025108041060926452 0.025782573423636004 0.025730422010776972 0.02894450276893715 0.027285809225787588 0.028526655536594822 0.03119155875518571 0.031240117392464534 0.036985923270411926 0.037130121134544336 0.045583640691520676 0.039955094452737004 0.04832766461431357 0.04815845549271572 0.041964600092138156
0.023080134822667978 0.022447363842268888 0.02331405655599406 0.02306953135165465 0.023520705703295463 0.02404136750109391 0.024572574133324726 0.02558701742199162 0.025376624837678247 0.029558925998316818 0.025385519970788712 0.03501522012590663 0.02909097334796919 0.035202982435959304 0.030896811403161906 0.03517768252930468 0.03881937030666622 0.027938718621744872 0.07623084969102352 0.07023920908909909
0.015243441162533967 0.03506124143061616 0.015245873877783221 0.03500342188258071 0.015259369409896533 0.034687261809241705 0.015908922971329554 0.034984769988422995 0.015424708926996374 0.03443989331929957 0.015796285918429208 0.03418332509056392 0.01599189021144405 0.033460221723575545 0.015305885670835752 0.04111966170639549 0.019217064163981883 0.058087973278906635 0.01801521328034529 0.21217082375520308
0.007211807888654895 0.006061224943553725 0.0072933708134343645 0.006027870246370277 0.007275460983526765 0.006073634381620092 0.007141392480604701 0.005978878065158163 0.007155321962589983 0.005920055403209453 0.007049762169054221 0.006210459308039944 0.006861636279387827 0.0056456013585805915 0.007051961215970705 0.006095495105569532 0.008200719503926025 0.006936335480233237 0.038908240698343005 0.03196343804555763
0.027193247334469137 0.017981175196940678 0.027259398730196796 0.017943186183428248 0.026954544152644408 0.018053845009576738 0.02699106319552901 0.018179124450750067 0.027279965235296657 0.018784827036717664 0.02605285935518525 0.01880885384800051 0.027378041173849947 0.01923289573912092 0.025491525720317855 0.018799351065036697 0.027392450452004873 0.01664338754648539 0.10823887259850336 0.04281088742227183
0.019430128216541637 0.011182634933976756 0.019341425606023307 0.011347442718175955 0.019420096789759807 0.01129454301062545 0.019346540695760455 0.011468323619281094 0.019522791592253123 0.011540653955517588 0.02018894283456998 0.011989874653659353 0.01934782202485445 0.012533541183290597 0.0178531634361055 0.012816387551825336 0.02176398930791176 0.008576431861013745 0.0486414258133238 0.006054749513281122
0.014834230782406414 0.008782548801340887 0.014858128519654406 0.008840020214729127 0.014735701587612586 0.008937372440775571 0.01453299089828606 0.009406218826349195 0.014466524599776938 0.009920485070249301 0.015000959296487313 0.00987567686323733 0.015151509325532858 0.011017092116311545 0.021793448673833808 0.010637739864617697 0.04555525060431069 0.010203681848716914 0.06875028157768498 0.0162613666926944
0.022578077200660414 0.021608641476552358 0.02268015027970258 0.021780271529356396 0.02269539843102884 0.022551861371373532 0.022864341391746833 0.0229308312511603 0.022771437192107134 0.024006359290366253 0.022789109446996268 0.027730716349623968 0.02160729339813292 0.03544830510786814 0.02155685766001551 0.04630895903673261 0.03366351798215783 0.043969388632841416 0.08598945907611322 0.05983377398578376
0.007454293042735196 0.003280192561930378 0.007431856186320191 0.0033088796775224546 0.007404005691598728 0.0032731956632224344 0.0073995633118209584 0.0033065081334428354 0.007326109724581001 0.003303318957263863 0.007392050800098017 0.0034201750876818975 0.007807069226391572 0.0033437535361603454 0.01200380398063404 0.003369935972113031 0.03699839343649053 0.002909700493949164 0.03641281344050602 0.006896567954627046
0.01748178883087241 0.03252151784368825 0.017484806743643205 0.033564478283691086 0.017402286610096386 0.035176618151256105 0.018046735599597297 0.038788411262025445 0.018134353962186905 0.04464574464514188 0.018972101903825787 0.05041823041009512 0.018776375076191006 0.058545524525978276 0.01658397056853865 0.05906367260556888 0.02911098419389913 0.05764558683661595 0.03739796080836673 0.1236653166589924
0.020292578260516843 0.01480523026800249 0.020760327411621635 0.015055181650347886 0.02242736936931602 0.01491984927017554 0.02452460696404705 0.01488909258694078 0.028027105089842737 0.015127449050381232 0.03480668831983857 0.015361773813325255 0.045672664405154675 0.015101017230937033 0.05004735692980843 0.01521939360952159 0.04883324736255319 0.015644436565203725 0.064901494619369 0.04155111294471657
0.020625482075543468 0.031491647405286545 0.021059720863272076 0.03240210011362105 0.02089660600793721 0.032034134097374746 0.020840981026401695 0.034662236472896076 0.021008962343059375 0.03426706821862228 0.020876414327397463 0.04072988520436972 0.021847963135482082 0.04880113236644931 0.026962291458192397 0.060100157702342664 0.0403448843118236 0.06009059879528123 0.04288503912572576 0.07723353653198942
0.01275569310701818 0.011538330619477356 0.012895491636899969 0.011548306065372538 0.012676195735899438 0.01144217438091678 0.012858599701796642 0.011496642865249535 0.012636235283350023 0.011202012358015821 0.012400042310011593 0.010904738304247806 0.012422472847964109 0.011793975386480623 0.012527658413095085 0.018735979355286897 0.013979650279855038 0.01717193476408845 0.03447534890138139 0.06826441679263226
0.041276215419703464 0.025542765461151567 0.04058028935379903 0.0256491746153445 0.04089720789829277 0.025384659234383683 0.04111311937940426 0.025844872743025483 0.04085850248060409 0.02587846233770485 0.03981742277696449 0.025646870605200732 0.0408923394106959 0.02587206348899229 0.04034725592731554 0.024731101718586126 0.055330528608910134 0.020331773944050106 0.2101413665386171 0.07755149855808562
0.013684262233466382 0.01998823579384293 0.013980056188207406 0.020104838761093424 0.014093487671603355 0.019993360195800277 0.01435394056763115 0.01986384332877762 0.014445571412793456 0.01973302104445017 0.01489092565270853 0.019595036004844756 0.015126231119620727 0.019538349920292245 0.013743655211347076 0.019002895584455514 0.017882690064225302 0.02471562141231982 0.04237643028113991 0.0680612842842041
0.03270889182068487 0.015180884074865364 0.03294664847463236 0.015370080381477906 0.03287818219729213 0.015321939099351521 0.03289870065694742 0.015712611449444903 0.03265642504575428 0.016082810768682766 0.033776730494328 0.01628030279651158 0.03365347464417091 0.01676709373380653 0.03391873473664512 0.016335484775124504 0.05398894841652068 0.011615322170845087 0.12683289716273655 0.009857976804056359
0.02075201181961064 0.04370237001974086 0.020681730426934847 0.045574970312323534 0.020516240233866695 0.048758554437387004 0.021092797478875287 0.05307286578413417 0.0209479821374739 0.061359660116126875 0.021303965170840378 0.07248632847575867 0.02122384954185035 0.07674696479531203 0.018885784840022454 0.0885940335692697 0.03372707681870128 0.07208277306300995 0.03339334262174849 0.14106705667358102
0.00447895440345566 0.00805617375349718 0.004420391668804009 0.008045303414620163 0.0045261838540317815 0.008034755428022008 0.004657819160647965 0.007913396993377593 0.004887733273399004 0.008186384470227426 0.00507943448845145 0.007785879809830681 0.005264938140211608 0.008727917840115385 0.005783177439358201 0.00817117420685235 0.005032303663056099 0.009064231872086617 0.00786749561855917 0.024373698279982915
0.017293430517227086 0.012556090844984739 0.018133802271256706 0.012686592629181552 0.019633000444122802 0.013052197086254711 0.023319289485383633 0.013266083431520788 0.02735612221382548 0.013725165708711679 0.03251824378380552 0.014277703899891307 0.036776477719391854 0.015737095295132335 0.046022490622888226 0.01857872032572856 0.03625098401797927 0.02081669154819467 0.055166787437130486 0.03923983800026294
0.014448364521447973 0.013072342033762216 0.015090995342033729 0.013324471038953142 0.01524858153827617 0.013262921654888675 0.015823227654235543 0.01425927766622286 0.017257416211171567 0.014569923875270913 0.019922260588322575 0.015263798836361378 0.022636891627055955 0.015363988655375534 0.029914187159363233 0.022456614699109003 0.035104787706853505 0.020120113606400022 0.024872518525522407 0.03097039152655201
0.012924582966114751 0.017437003576296593 0.012827332265859264 0.01753264574604819 0.012648303968072398 0.017516420122409063 0.01271649243570231 0.017334344612331704 0.012594931359697371 0.017788769591773567 0.012669918714071072 0.017835505923692638 0.012792630691707007 0.018489309836181526 0.012245739893101565 0.01971319391907558 0.021949155831131398 0.01969465275165788 0.0298515133027827 0.04956681354774457
0.02301619863895417 0.014534964300461412 0.02312171582057227 0.014555662353790355 0.02249207566028608 0.01458077904927441 0.022425556541692565 0.01444266490644575 0.022485069989251427 0.01520187705950496 0.02351182027957543 0.014949426220376774 0.02545525642595058 0.01508772916290441 0.02449015613236273 0.015192220830742504 0.052530787047840026 0.01431425868135801 0.0920998672765873 0.0250495877123613
0.009228729514502654 0.01891581961514082 0.009243691715014444 0.018749118986594145 0.009473972383311257 0.018683705381067096 0.009714323942528894 0.018828974544902503 0.009997224588047289 0.018864893353819436 0.010363417778163039 0.019482808670524772 0.010373314826461463 0.024569149478536348 0.010203924299004874 0.03785604789832618 0.00881749750567377 0.07020237933582311 0.017584298097130822 0.08476981948612483
0.017378196138662518 0.012385412397289556 0.01722882523012602 0.0123787873830888 0.017854752299467477 0.012314008225562723 0.01904478498068503 0.012401274802198506 0.020667220862862972 0.012544555742804647 0.021306684765195517 0.012603225763018672 0.02558710779976761 0.012445881485613689 0.031052809789770406 0.01196853433514849 0.026516688538485635 0.010759694610789423 0.03154284752380948 0.03786968632805103
0.02365397722639537 0.03206475691157865 0.023563365396369933 0.03278291859053833 0.022972332275484373 0.03360909270827834 0.024275402164994367 0.03469426038587601 0.023669903901233334 0.03764936937705886 0.024870817291309785 0.041827982730749655 0.023820614790559427 0.04685455044746235 0.023775465278461496 0.05726287775913266 0.02401618915128997 0.10001203612549492 0.0715481846998864 0.05515017096380993
0.02234460701813236 0.03400756993825522 0.022116779009253656 0.0337377625697581 0.022368049893907237 0.03427895601786523 0.022800504122169024 0.03521367283074718 0.023248452070322438 0.03749438181576342 0.022818492152461886 0.04126884763311196 0.02323975139395851 0.040717649476457375 0.022310871034727453 0.049552565484102515 0.02095727927871297 0.04532621458458696 0.043869610409118714 0.0805011278853068
0.004370903152442624 0.005168176069122327 0.004435668761887256 0.005393192750198313 0.004535014537913446 0.005371493821802563 0.0045841941162790755 0.005481585732872962 0.004731982829995072 0.005537524262156969 0.005084137236243628 0.005654520165226165 0.006794380098439545 0.0063218301267271805 0.008410891451322988 0.006775799750538475 0.011545926690103233 0.009701615180491358 0.01032682629101486 0.02145216087234441
0.04439388790659079 0.020088070334813003 0.04643046021455965 0.020378680986439118 0.0499375724521987 0.0201572454127354 0.05505863672807956 0.020236556184901146 0.07294186990614326 0.02015606204089992 0.08246497416593149 0.02009400180966976 0.09120493162408806 0.01967238865916822 0.11207118575227198 0.019086799369661723 0.07556850513007136 0.019735556317002682 0.1442861047996687 0.07892832562695568
0.008651086925269363 0.004521189326824223 0.00855823368224931 0.004482336654690994 0.008642440463108546 0.004502220474272135 0.008564768972727283 0.004512719468238571 0.008710782648258194 0.004524289001817964 0.008854346830701104 0.004726784282005606 0.008510725277595707 0.0047913805553845374 0.008135771517052333 0.0048491424546059 0.009858447221154625 0.003508948725297375 0.01580461306176061 0.0050544544064312245
0.008304950734171873 0.01577273055860955 0.008152393901006737 0.015709417071133224 0.008252418746697115 0.015594352222149787 0.008243795854504748 0.015504549233463828 0.008308301670531818 0.015471284460120855 0.008342508428841107 0.016816331421426862 0.008237833781035176 0.01928118445583253 0.00782420334116279 0.02892522071905399 0.006186058326487968 0.047422406468655816 0.0354916547548048 0.06866551169181216
0.013483275040685791 0.012970333564270253 0.013626581869743044 0.0130979664140171 0.013561733815907126 0.012808023921655831 0.014011594010473355 0.014352062367039328 0.014946830345813069 0.014143091105497965 0.01672421038849741 0.014869662498979043 0.020944151727452422 0.015303854530585232 0.027724946069652447 0.01839634277784973 0.030934321006913727 0.022932184621636525 0.03662867330780155 0.0330220260932714
0.013369648219853612 0.0067991821451225684 0.013462350839160362 0.006702688426563038 0.013482614634687804 0.006734281435890143 0.013710463443093974 0.006872247298906052 0.0136121918574248 0.00676654682068522 0.013822999312586317 0.006856187382020167 0.013858039256861469 0.007127126559991667 0.015242938118448564 0.006549916702046919 0.016322758684623857 0.005658598488515376 0.02908934921172449 0.01364228781295505
0.026007433711420565 0.015352744634857345 0.026022653839859786 0.015570111931842366 0.026352821973693305 0.015190555020201607 0.027439102861827203 0.01541682756834864 0.029206238112357973 0.015420207541233227 0.029910441551559013 0.01565090900362266 0.03445898879109279 0.01503405246153865 0.03604671613428787 0.015466132379927174 0.033210064742689685 0.017986757498879877 0.08888153759772732 0.03262061701140767
0.017616943112992643 0.02306322441373825 0.017510938501780437 0.023557201138577327 0.017721585500728256 0.025473412360058328 0.017504006033220262 0.029951541363500117 0.017832699512006375 0.03466776980977868 0.01813420606227066 0.04636186147622274 0.018560329529137314 0.05869301744167129 0.01937482049717368 0.06732772954094426 0.01762897623027117 0.07402406443922432 0.05490499499199179 0.062424572993827025
0.013874772932995291 0.02405783286921348 0.013863583983087327 0.02460040782283775 0.014059596388860944 0.024475969023160623 0.013969463327087931 0.025822363408432372 0.01408372211626467 0.025907003629371997 0.013782332242770576 0.030043305921294654 0.0150123639215653 0.0353153680344773 0.017731034612418393 0.04429329400850223 0.025151909464667666 0.048108090441203455 0.027351181877874362 0.09559003242458176
0.024212165161577908 0.030980629721612085 0.024435053789790873 0.030945676441226855 0.02338142245189062 0.03203966235364815 0.02504611147820638 0.032740353274180616 0.02575222222050128 0.03680436378736222 0.025620855410315124 0.041315197057310175 0.02535659439198967 0.050885927749393836 0.026473257793755065 0.05006702400865265 0.03945805655944795 0.0917279326677489 0.07654358295687494 0.05770493727088233
0.01346041544251824 0.025132390700839884 0.01361808374406076 0.025156887861010953 0.013397740489271675 0.026504187256387035 0.013464230250794603 0.02758863163535354 0.01318926401769133 0.033000745454069516 0.013568834267856674 0.044029857336572505 0.013479249044837731 0.04477600100758108 0.012345132776589574 0.04792019677704318 0.012876067646893296 0.06743678757640842 0.039890098994506164 0.049684938426242706
0.014515751267100004 0.007139894157412948 0.014531159439730258 0.00716586345762783 0.014505657206878133 0.007147350740738661 0.014388227157376738 0.007093454273184537 0.01459224707010344 0.00719689005881416 0.014168822181313585 0.007213198691540406 0.013574561918422885 0.0072631541199435785 0.01665762995823116 0.006933860675167358 0.029358227075262384 0.006140644493548724 0.08158359092426548 0.01821271967262721
0.01281393621399611 0.022344776792367294 0.012863285065269838 0.02248966121132037 0.01304453943816041 0.022503332928796835 0.012900354102321909 0.024671563577244076 0.013019952184344192 0.02441497242461754 0.012659492127291535 0.029977983041873237 0.012902234805943227 0.036060292340448025 0.013874253146009059 0.04128524528151298 0.016049114388755496 0.04687654489884186 0.03909004675705974 0.10398437283477502
0.029780279331102978 0.012870347842707644 0.029399898658072982 0.01302989839190258 0.02918294299120986 0.013071628319350633 0.029273486502710097 0.01304534868953984 0.029659014046373996 0.01300877377198863 0.028610286345446597 0.01302554244104777 0.02842737609089246 0.012843454623824177 0.028037970018830516 0.0126139268481019 0.08307123151753962 0.010775629319342997 0.17380906822221592 0.028615205732506522
0.017209045765704173 0.03152591168730974 0.017266794120647255 0.03122507631659559 0.01734218312048451 0.03167221758509437 0.01723839817650174 0.03138225032425319 0.017514557019301158 0.03233572049140559 0.018140727722459175 0.0319866005412375 0.018663756574050883 0.031214634612986424 0.01898414438794205 0.029751200864609875 0.013286312032048789 0.03562267748923614 0.01929800447101768 0.07085672463772787
0.03328872368746097 0.015676660914452873 0.03320448522032348 0.015439491718990995 0.033065949879863235 0.015542845756711636 0.03288705859529113 0.01569297334677785 0.03224423630523922 0.015592317600038545 0.03353066186450864 0.015743370470660253 0.031223362359865017 0.015939829262024148 0.03846723980389089 0.01641782958072737 0.11057142424277434 0.019746729372940804 0.1917714930673966 0.030577096709567916
0.011115958740493297 0.026133250417854543 0.01107730988870636 0.025940637212384248 0.01119522612330507 0.02673977663673479 0.011474129223826983 0.026834585086689906 0.011205929772820497 0.027447678545221562 0.011165727693231332 0.028093774952607953 0.01134825282989532 0.030364627069920956 0.010920558553979727 0.03846910536314805 0.009233428628554582 0.03145492088839325 0.021245698493017984 0.10657529928226854
0.013777045658958768 0.0171422647279501 0.013659235354141222 0.017132996391358596 0.013743069717578549 0.016861529984573992 0.01375895433552889 0.016710929664335038 0.013813921426045301 0.016710966515068825 0.014502874527620873 0.017177429930104997 0.013945800902370185 0.016366195664957006 0.014730939999536858 0.016577985471153703 0.019878179492364825 0.016733740719234582 0.02436346790621342 0.09296023292186081
0.05198713744240552 0.033408285135059404 0.053540143876889906 0.03338840980521709 0.05633164053322692 0.033584852665457236 0.06488882639232678 0.03256550687757639 0.07518501138021572 0.03374523158588788 0.10649623106129857 0.034733026597093444 0.13328914933950803 0.03437393443350096 0.13220104427267146 0.034114610501102205 0.17924424453642462 0.03554928596614014 0.12037977910618858 0.08476371370243378
0.050810552870217726 0.04044566600513679 0.05125551636815395 0.041156916335496 0.050837695206844474 0.041524218334925 0.05340361974349443 0.04119957515420919 0.058017142073474894 0.04242453611299556 0.060885780966685614 0.04389043240273032 0.07191304230261318 0.04783131296086854 0.06902365878974884 0.05594591112218396 0.07673853118101001 0.07373087436036631 0.12081578867499808 0.0683529998235526
0.024486519841087438 0.022559035199547765 0.02547164545847646 0.023023081980395113 0.026898965957323495 0.02316344349084434 0.029764464521354655 0.02372627605985299 0.035852493653419394 0.024438719465353222 0.040651989123072566 0.02651176828666459 0.04342896452336566 0.02938108140757965 0.058090266418164206 0.03224348650565975 0.053789940541821624 0.03316507796410347 0.07923891723569984 0.045226979681594434
0.019961912970366598 0.034774522005096294 0.020074722497065562 0.03547248945437952 0.020193706136744486 0.03732017435880515 0.02022796924227967 0.042454906769948474 0.019876475684792956 0.05256953572935581 0.021098447852580065 0.06822143002460407 0.021159087901906903 0.07696294170353328 0.022251156412907796 0.09406171287387845 0.0188070556121201 0.08661162836433842 0.05821975637098398 0.1541113692948353
0.012912664349103454 0.008724975246332424 0.012918314957043963 0.008841608177137816 0.012751749576183804 0.008899826097030243 0.012729728079207924 0.009042401868555745 0.012958255875323147 0.009273320139130533 0.01363768316459458 0.009332863515519974 0.013510587384738523 0.009427339567796022 0.014688360647655252 0.008636902331827337 0.013287776136965279 0.008750539920425246 0.04202135578163207 0.01981577950465185
0.012917906484171236 0.012015214723578114 0.012936046222874323 0.01236458160165785 0.013036871091304813 0.012761296586788706 0.013101450344686114 0.01406501022751724 0.013362482656683215 0.015588033454416114 0.014389576485304364 0.01779709242486844 0.014829213638891664 0.01941150069199091 0.015296876083761497 0.02203536690957684 0.021508551874895396 0.027136323449384624 0.026368466941672365 0.03747020279264724
0.018347152798286918 0.03527039000548915 0.018614693944479902 0.034793987369869335 0.01859487653300193 0.0349113668396521 0.018471388497922788 0.03544623030397368 0.018234309864655667 0.03506860620316954 0.01873854219364863 0.03486751143292018 0.018442260957653833 0.03553473824272622 0.018033820612764748 0.03434783598083222 0.012428771128713049 0.0618249405336476 0.07765266991758459 0.12717969379006686
0.0166928640048119 0.007764359303545726 0.016641672718900456 0.007764570959714335 0.016531797750442247 0.007783740820313847 0.016454277189101012 0.007822441954966423 0.016483518360355297 0.007755886049160341 0.016802812065948226 0.008092580078235743 0.01845753126138218 0.008191558750199179 0.025373488718450247 0.007883037864338967 0.07406824646097095 0.007141023844898209 0.07134364047656581 0.011878501006450074
0.008531873992038953 0.005230511796536129 0.008592476934152842 0.005239413141508294 0.008600011780427179 0.005192155601509624 0.008618035803323567 0.005507785214686798 0.00886297525562753 0.0057199143704139135 0.00977778986009647 0.005812712136275898 0.010451031777410068 0.005655158582732289 0.013953260860428227 0.005278480856540253 0.02515822034788037 0.005095852147513304 0.023353714831093032 0.015082949221917684
0.010442563485565944 0.02361976929751513 0.0104517282369869 0.02349822955394359 0.010670138445204456 0.023540799182488675 0.010610017592189814 0.023354857274274523 0.010699701238478004 0.023127781025942987 0.010831714619361521 0.02378951027650955 0.010769034887197125 0.023092921800455423 0.01275404719287039 0.028675532445849927 0.013535721042031544 0.06054347809506172 0.012907139581692192 0.12349164296674783
0.007539322864955087 0.017392062675136377 0.007572890290892627 0.017295727609419744 0.007534874188226251 0.01712988815617195 0.007616093746348164 0.01696844310009562 0.007694596101271287 0.017220881240569787 0.007465750419543859 0.016885635619403056 0.00764844676198907 0.016625430519600394 0.007451819707983661 0.018855726117200895 0.006628180669092881 0.016980314908691608 0.01590846644268075 0.08178125542521802
0.02150781193415639 0.023984415906228643 0.021985535946103398 0.024982962412687066 0.02193559351814958 0.025114223517034382 0.023134273017181965 0.026078169738519008 0.024124010806177265 0.027838138119047715 0.025058410434759003 0.03411674298294048 0.02536057086769786 0.03658668774907518 0.034461342446562536 0.05104458879011352 0.03339215460961372 0.04899909693926731 0.050809342656411856 0.04336624425243281
0.05589460638135346 0.031035054430239274 0.05829501150431127 0.030969848943301806 0.06146047630530072 0.031027928624852513 0.06810295426228358 0.03165654978450463 0.07919335636879143 0.03216896668491247 0.09527897404454953 0.032852007217652204 0.1103398783458206 0.032539743564399225 0.11304974100879847 0.03150120946440082 0.11372438690652288 0.05407022435106075 0.19455418234633265 0.06411496958088622
0.022264459226373753 0.024768107274975987 0.022270711759295302 0.025923676648696083 0.02228706751157383 0.026471701414364553 0.02264444186418652 0.030303600118680513 0.022776814974426206 0.03446941098665881 0.024129627172910832 0.039475473096859386 0.025769301651391296 0.04358051708599673 0.028685143337705866 0.057223334273957094 0.028376928329200954 0.0751898035023498 0.06715218572708964 0.07330179131631943
0.008679161702123588 0.010564637401438516 0.008730370656722669 0.01057285964832139 0.008667931331271687 0.01054875215880682 0.008701427529427581 0.010382909600718495 0.00870058338159961 0.010599663349336952 0.008878760889593001 0.011351057527435244 0.009051764397410924 0.01162180111889841 0.008927591508674398 0.010619770276534081 0.01636999848818052 0.029580701590179677 0.03491921733849982 0.04898560995283979
0.021436578348910936 0.03183874793644367 0.02149500738634395 0.032875091806647966 0.021438607805798426 0.034590577175826684 0.021155150896929466 0.04018565203419948 0.021579495341667202 0.045619206618403726 0.022171104218485897 0.06466084401838917 0.022249355579843047 0.08411643554085335 0.021678181169676354 0.08897953175568861 0.024697448638483003 0.10753374975980058 0.06217296277924215 0.08442696816215536
0.008311434650136843 0.019699920902348417 0.00853353215801576 0.021021554364313088 0.008465467273775973 0.021918149191720988 0.008424572616492529 0.02480804905366121 0.0083451889221465 0.029276969949896404 0.008316495083334602 0.036709181123209936 0.008440936386675667 0.04032524529635694 0.008240507317463357 0.045637675857935885 0.006936407411384287 0.046813765190231275 0.023986801442516748 0.05845402979267255
0.0203003760902545 0.013357650297992517 0.02023017925540962 0.013301242495434826 0.02040559189838712 0.013581915559877561 0.019936688951201664 0.013573340427300122 0.02031851586851072 0.014054439318529325 0.02028018551315133 0.01409601289893591 0.019212072946550696 0.014633840645323061 0.020851947955813487 0.014031819117026728 0.02031010983595374 0.013108120541692598 0.10495532673264345 0.02861581554095332
0.002114302569584374 0.003907013528957994 0.0021024315559284084 0.003967611006106322 0.0021304328038537607 0.004027799209384457 0.002093832424342715 0.004038679827822065 0.0020811116289697782 0.004179607265839345 0.002135407505565003 0.004431086081448264 0.002029651786338492 0.0044605858208432506 0.0020362924163047063 0.005535149688375849 0.0018002320922405129 0.005685638010715127 0.007040557396871272 0.008018228664009315
0.022805270444884722 0.01222858159754162 0.02308268305548489 0.012803256130876422 0.023557034906045844 0.012506463979327396 0.025454271909825216 0.012380874211758467 0.028938323414164628 0.012133160201222688 0.03362393486053262 0.012548604398217521 0.03792853068861286 0.012649795334350594 0.0390183801117828 0.01136816818401795 0.04798692873450124 0.013687361665956927 0.05513337766408637 0.043971516854632235
0.031660933999094865 0.0532530814870964 0.03170172107834465 0.05461202848915791 0.0321851825832476 0.0567821003325703 0.031686245788264455 0.06647260098116584 0.03210757353311458 0.07821701508794004 0.03358825054299517 0.10305688628332504 0.03297045582460392 0.11905430932249082 0.03411135205479096 0.13778209643097547 0.03530266838158836 0.17794714478751564 0.08515478158179549 0.21562751943195826
