0.018649373381436265 -0.0255818861442589 0.05638816986096496 -0.07700116552020701 0.09477719396983084 -0.12811420382201358 0.13172240602719923 -0.17678020800269598 0.16932115845808765 -0.2224587797717975 0.2057371091154674 -0.25861826160563955 0.23968283282035607 -0.2953227073770116 0.27306347323619545 -0.3324152236272089 0.30082018971931834 -0.36646646466098703 0.21898417576251483 -0.31115957794102045
0.028149242166165187 -0.054052491983934296 0.08546822629555229 -0.15880776429331808 0.14168413961353868 -0.2640427345777414 0.19868530829771833 -0.37265972272071407 0.2557912554829287 -0.47980639665301533 0.3130578420381885 -0.5851890176526814 0.36773521570338563 -0.6898435339725418 0.4242518587000662 -0.7844776846713828 0.4722503350629094 -0.9186430276219467 0.4574407609846172 -0.464195609048753
0.015370247151756028 -0.03187412103923291 0.046162483771844676 -0.09772452163579824 0.07703852509215778 -0.16349011883660639 0.10821975991422698 -0.23107629193780319 0.14006280605068322 -0.29845186576894694 0.1716643310300616 -0.3643343749140938 0.20190166647690153 -0.4284649023037867 0.2310700088297446 -0.49357396992413377 0.25530494724774755 -0.5469453080788128 0.26052280340988926 -0.37916198610852586
0.020612615558433394 -0.018832436428561087 0.06492199657976146 -0.06351172385411516 0.11388828694887226 -0.11080272508017085 0.15792776904319367 -0.14924422347136018 0.20392112256439793 -0.1921475886260134 0.24743695406938765 -0.23397560158872627 0.2885161853664063 -0.2724310397855443 0.3250893196503568 -0.3111438595265862 0.35579153628378063 -0.33946622594257925 0.3094843690819908 -0.30275623112538563
0.030756046182149627 -0.027787250056453508 0.09205442650770536 -0.08269063701718944 0.15302172795912286 -0.13738781313871684 0.2141296730500074 -0.1918268316567274 0.2738373665052148 -0.24583114450427976 0.3348237098959947 -0.29963795641587254 0.390935791854665 -0.3504692149991264 0.4493335750643189 -0.39600263658139645 0.5113472651614233 -0.4158019241751143 0.277532372350567 -0.4256227688890235
0.03559197921621413 -0.04031547343940562 0.10526683354740014 -0.13302840888967643 0.1833895517559525 -0.22294234539905639 0.2578272916886025 -0.306185996288747 0.3309027356297321 -0.39294154782035173 0.406820329926574 -0.47905059539888706 0.47161639342673256 -0.5621927198827834 0.5319830324225163 -0.6360446865417321 0.5822349301370575 -0.6927235218671993 0.5292461343176886 -0.6023404954341957
0.021470844699259445 -0.031069736781962745 0.06455556017739743 -0.09428359289397406 0.10714939759693463 -0.1566160312763306 0.15028360327328105 -0.21820987443811576 0.1930262026494984 -0.27959208388555556 0.23523795386679214 -0.33986696060194393 0.2774682044794839 -0.39631874299931985 0.3172304073073918 -0.4524169974358331 0.3557068198801662 -0.4280949251342001 0.32591184649855803 -0.38744071354338744
0.02986428095514602 -0.021372333084101344 0.09201453104383174 -0.06529086113663338 0.1531329600364102 -0.10926434796995399 0.21328604932850656 -0.1519511434206827 0.27420144001442104 -0.19467565877875945 0.3326086698957921 -0.23436045373388023 0.39025442805876576 -0.2733985369522666 0.44174923124907034 -0.3103915565156771 0.4879174935488226 -0.3423352646683425 0.4166250110058353 -0.30428942826901106
0.03193825792293856 -0.03776672679597148 0.0933601759537738 -0.11401110416837218 0.15551392345957551 -0.1891518699541441 0.21761567942122167 -0.2639821082625402 0.279681343387897 -0.3353840440937436 0.34261389141262993 -0.39529517202935255 0.40124074978415797 -0.45225391025395406 0.45872954184818526 -0.5091000293660984 0.5120679794554669 -0.5235269065285401 0.4292180681755615 -0.4904486463510719
0.018147965611688723 -0.025368476925618076 0.054207770374158186 -0.07637108875436452 0.09049050992612538 -0.12721854697219578 0.12617835084434384 -0.17817401899649546 0.16196225717195645 -0.2293046381308506 0.1970680515208759 -0.28030749382418885 0.231833435984507 -0.33039936769048056 0.2665876363673457 -0.38133548267243816 0.289358916735552 -0.4278461803300308 0.2692036650407542 -0.2744347194071235
0.03969167164966807 -0.06273727636111266 0.11492251397758849 -0.19815852646424806 0.19073940779603202 -0.32528583282309786 0.2655252708468089 -0.4527495066285594 0.3476219291197002 -0.5820742313369215 0.4262110420188427 -0.7088324089400658 0.500114572239706 -0.8282452429320996 0.5765022078167996 -0.9236500788328436 0.6238672617639544 -0.9452205387531817 0.5540633454223473 -0.8614236998591149
0.06963641839100942 -0.04655237443228176 0.20932592432067765 -0.14169472133568556 0.34779616571852806 -0.23593523497549934 0.486027069379049 -0.330904734865799 0.6207348421502173 -0.4239017477972359 0.7563593127265129 -0.5184840645399075 0.8878216043213447 -0.6081582626844924 1.011119682897587 -0.6915071740234271 1.0903111815951383 -0.7371892994386717 0.8613343213232761 -0.7231884449580052
0.06608439544687716 -0.03770693022375123 0.19939008341382788 -0.11224743419320116 0.329657106963713 -0.18570866944404396 0.4598861519897591 -0.2574280428099555 0.5900190897957638 -0.3353568907158831 0.7169125715232573 -0.4163877561784582 0.8371585841934714 -0.48959926076848387 0.921304480207967 -0.561795118526375 1.0176059022449115 -0.6150717176266001 0.7788332885715427 -0.5726846960312479
0.0342173132911537 -0.042452678034979686 0.1019375512077429 -0.13090995505114264 0.17049654536571396 -0.21602821873248979 0.2374910406062597 -0.30026554104770453 0.3045683940888439 -0.37776339883644783 0.37363291991950937 -0.4413373064818291 0.43659590714631213 -0.5004025911255627 0.49973654787844035 -0.5689218966973212 0.5495985441856249 -0.5914759713893667 0.4119712440003462 -0.5255085034646165
0.0315616884494549 -0.023889684411750853 0.09445893286957409 -0.07105550585065734 0.15696015220634799 -0.11824979962547623 0.21907379896782062 -0.16602582736481156 0.2793417680939966 -0.2128560999026783 0.3390030115999505 -0.25936159207968945 0.39517356662141767 -0.30569199750302023 0.4495248358897241 -0.3467073560570982 0.5150074656669881 -0.38595521919685133 0.34040604193097584 -0.3311282406278405
0.03180455576092842 -0.014784854557906447 0.09720591453072772 -0.044226295702816505 0.16446777986448413 -0.07349582890629132 0.23187436630573588 -0.10305142406743979 0.29883290366975895 -0.13327097503428234 0.3648397892054801 -0.1636166501670141 0.43017517796599647 -0.1925009741317711 0.48880127028066167 -0.22198335605180225 0.5456048846379572 -0.24646141710644864 0.4065214412250153 -0.25379275461644746
0.009592814642502442 -0.00559502173739388 0.03035768178663715 -0.016309123588189398 0.05176763148654162 -0.027170692939760138 0.07266987912636473 -0.03795116256121577 0.09372949816407462 -0.04906819883351068 0.11411675058035713 -0.060493020269947226 0.13400039264861408 -0.07114788713379887 0.15395719191429388 -0.08176975726668853 0.16946382796283185 -0.09101276825339756 0.14334347849672224 -0.08824302998632721
0.050784491631907944 -0.037701069488571215 0.1544260217281399 -0.11264502852136649 0.2567248020517489 -0.1898737994910471 0.3537007073194166 -0.26328831629284566 0.4453922283191226 -0.33824828862537876 0.5138789656148735 -0.41141308626653916 0.5974713502205264 -0.4793999589977456 0.6570022339132516 -0.5470623339025116 0.7645970105984347 -0.6006234085236409 0.6146388467964051 -0.4565524815679473
0.036032711078320234 -0.06928849343883094 0.10684594913002297 -0.21043903045746573 0.17864259758194473 -0.3525173868402292 0.24947643819630394 -0.5084539057065709 0.3231310077177243 -0.6521380971987006 0.3962991713644043 -0.7966643238138535 0.4699194109918055 -0.9336275402059376 0.5406729991430039 -1.0761578204065962 0.601972524697061 -1.186175736169998 0.6069998491864125 -0.9983111192073697
0.017063381067381655 -0.025197830325609422 0.05440293016361857 -0.07771010083662756 0.09186924113612879 -0.13042976644136905 0.12564371902198357 -0.1831905039449987 0.16206168218101874 -0.23363033266135877 0.2003401669125706 -0.27873396570359216 0.23513050072673117 -0.3271168715771966 0.2691320567740716 -0.3672386381432856 0.2993690487665372 -0.4065356383796211 0.2788367778942587 -0.3548411118431791
0.035551733942884675 -0.03845964831763698 0.10672401521101695 -0.11686185262313972 0.17782695489237535 -0.19344958760103204 0.24795994087172135 -0.2705860114670207 0.3169865214543723 -0.3458903733102965 0.3844927678851209 -0.41168885850786147 0.4517838155528191 -0.4609561267899168 0.5178078718577644 -0.5193670886375116 0.5758613079027708 -0.5255414024810505 0.4750845520674557 -0.5094831964247288
0.016699798072292035 -0.0238496429656075 0.05063418259851319 -0.07226381184637666 0.08449213773542513 -0.12084491253797193 0.11819586469123719 -0.16906596753844194 0.15180990131147942 -0.21653381590852105 0.18538014712421017 -0.26375787214351504 0.2179271913251863 -0.31024282011549953 0.24829849444925126 -0.35331451572836087 0.2815332143148123 -0.3857555698147867 0.23005396304048992 -0.3192848079102755
0.02866601734561001 -0.02616802969392106 0.08565558218530178 -0.08012781023135304 0.14412239010563116 -0.13318580997179924 0.20089158156332612 -0.1857719497873421 0.25886200961839345 -0.23468943590667138 0.314172118562601 -0.28260578297662026 0.37017598670946456 -0.32817493308490914 0.4217482114904631 -0.3731554800080838 0.45500961638171294 -0.4024790559832538 0.37253575636321096 -0.36789696461688676
0.0505594113718738 -0.020254551445844166 0.15196448893175515 -0.06166876164961352 0.2586173903607831 -0.10298396105239944 0.3622649899760625 -0.1468790343901451 0.4660312386569325 -0.19100062258094033 0.5698433084771807 -0.2313036875321054 0.6715825185021955 -0.2715690281776555 0.765844117184539 -0.3129504174224487 0.8422193413933176 -0.3402399180621547 0.6270815278895356 -0.33884144248494324
0.02163864976849136 -0.051764214489303496 0.06720186965680881 -0.1489035809139737 0.1122703494906789 -0.25493063070803584 0.15706830515448494 -0.35429411402719807 0.20144922514562597 -0.4591387709475468 0.24606217796589325 -0.5554938763844962 0.29018058974757904 -0.6506484257431806 0.3317415693006578 -0.7321634144277736 0.36758542503759695 -0.8093275464105797 0.3469470624867879 -0.6502351384033322
0.018873694654366564 -0.020686851455715097 0.055069435455207864 -0.0630192095695818 0.09513299665152826 -0.10692633064556355 0.13133007986359974 -0.15071677735788408 0.16770828621550185 -0.1922077792628601 0.20607464381064441 -0.2312719741448358 0.24327864889844572 -0.2681471485371918 0.278776748369081 -0.3046572995366853 0.3114166691463077 -0.3281121794683052 0.29702659407139637 -0.29465753339319645
0.02457607918847324 -0.018291599384866665 0.0738341849282826 -0.05528289365340629 0.12470087524948559 -0.09250315435561098 0.1724404587265225 -0.1285842551180581 0.22191016386973994 -0.16434025294790183 0.2695954566656499 -0.1973937286890943 0.3175205959684485 -0.2302062236444309 0.36221700401016443 -0.2623664053523854 0.3902726175044023 -0.28114750829644636 0.32303990581087844 -0.25879494103782497
0.04312107191919782 -0.04099204134090386 0.1324499652828309 -0.12439305183726354 0.22211747020660383 -0.20610345683334436 0.3072580280898987 -0.2903970668120872 0.393310713393607 -0.38254469706933003 0.474376527531901 -0.4627524252689307 0.5555167074381824 -0.5402045603540632 0.6224243800059569 -0.6072602431544204 0.6634385653312344 -0.6564032229525993 0.6394104592658707 -0.5334593832004293
0.0260026162103402 -0.011831540771388701 0.07750657452932555 -0.03558499004927756 0.1284499256766334 -0.059554807282008834 0.17981524370155355 -0.08362207782188252 0.23148128493350528 -0.10754656823233195 0.28203732006879684 -0.1316276787409066 0.3332506943956396 -0.15519590190948881 0.37114371342567437 -0.17742081606551685 0.43529088571822483 -0.19779785449407966 0.2569071898052982 -0.19910857567953275
0.012215762621770765 -0.03141931452140883 0.03699423331059036 -0.09357128453214562 0.061724099411504994 -0.15800811477450447 0.0866714596186125 -0.22196189775960962 0.11208864307488811 -0.28676281304438694 0.1377324288508528 -0.34992147441815763 0.1620186137658917 -0.4115584010005732 0.1863675040786269 -0.47039237986694066 0.21069848815341988 -0.5223883825359131 0.21810461281221907 -0.3664434941139512
0.030260812667489825 -0.07023463913465697 0.0923426968647972 -0.21251293938886714 0.15316500954239207 -0.36054176113227 0.2153666120667452 -0.5079247424908854 0.2805098038361942 -0.6552402155376363 0.3441741498691988 -0.7988214549678957 0.40379829582643506 -0.9402999977440839 0.46533557835132255 -1.065177855922562 0.5189090607157518 -1.1869278335127342 0.5362024120517936 -0.9409392573232925
0.005820067478647347 -0.012097157900422362 0.01785522874107722 -0.03432990439913914 0.030192795377242867 -0.056952172744046264 0.042206832338031186 -0.0791766065825401 0.05452138077904992 -0.10171715987707591 0.06645142980696192 -0.12327179689912268 0.07792721357842845 -0.14393782641080158 0.08894416523011855 -0.16521073542314318 0.09589956832170994 -0.18346819403722286 0.08339677811590016 -0.16912010293843793
0.05995887813381814 -0.03729123983607407 0.1812133904060795 -0.11338327333009364 0.30115329776802285 -0.18660168909466962 0.42018613993535614 -0.2612029052420906 0.5399717976796116 -0.3485798391382047 0.6585758553182138 -0.4234415619489161 0.7700835575471682 -0.4985579506730299 0.8671380712758774 -0.5659526570496273 0.8897575794135619 -0.6176906187906158 0.805052010647212 -0.5214623909250817
0.02610157229787081 -0.026792313257270835 0.07842345871413307 -0.08113598429773228 0.13030307223992174 -0.135871564779198 0.18181904481240346 -0.18860074811188313 0.22957620384613212 -0.24370228182337447 0.2777877318483098 -0.2971805303910134 0.323909351349618 -0.34930066856899167 0.36472339538895965 -0.3960695864448949 0.38756246797938587 -0.42923244153853474 0.3622640203840691 -0.35491320406601745
0.014383802955837598 -0.03323268296908843 0.0463569019263248 -0.09240516555805704 0.07683365744997941 -0.15423667298125238 0.10637334568716302 -0.2124841812262625 0.1358624313492869 -0.271072578794874 0.165582604416657 -0.3308774350813102 0.19694898870475078 -0.3864710403137446 0.22543722215160447 -0.4457730046301582 0.24656734333451993 -0.49778127872157013 0.19135559923927398 -0.3754761264352684
0.02744404997935221 -0.02876411043566122 0.08027457148748358 -0.0964488453103231 0.140468627187236 -0.1622082342761021 0.19878702705200532 -0.22260043627399398 0.2553951819747839 -0.28384862717930304 0.31514692410135187 -0.34273834089323496 0.36683079591933565 -0.4046493487921555 0.4109644802289639 -0.44773026129244037 0.4513556700053297 -0.5095847849400624 0.405330944607615 -0.4267656022112014
0.022165624968592364 -0.03836405816195885 0.06595301223923425 -0.11799834197482346 0.11042363754636188 -0.19418526766157948 0.15341497468619397 -0.2714149644953102 0.1975193874595962 -0.34768738444185515 0.24254711377845367 -0.4253187192588438 0.28725265020525603 -0.49521082628510493 0.33048639866092633 -0.5537049594655832 0.36931996047220383 -0.5595249212954398 0.32958065040200035 -0.49284673532669715
0.04311866013241827 -0.06433251124625959 0.1298752748646832 -0.20080481515318555 0.21033747523350413 -0.33153958056160143 0.29684124714088667 -0.46299285318175215 0.3973302323443255 -0.5931965879770953 0.48271798579349545 -0.7229302424369146 0.568064627924103 -0.8486928886791582 0.6385139313928317 -0.9388066889815516 0.685936757757397 -1.049954184793488 0.6333614202622827 -0.9055253419198123
0.015727624511489152 -0.015569870387514964 0.04647210454337565 -0.052359750665811514 0.08366132525225908 -0.08850902322799072 0.11363285471659282 -0.12364410002177863 0.14511989326972516 -0.15926681101317258 0.17768893291086119 -0.1927372288485453 0.20801837779003618 -0.2248043376957329 0.23772015606162564 -0.25416979259706657 0.2622502553129158 -0.27801510822010844 0.23140198035168744 -0.23205287039486602
0.01955989600784499 -0.02452140458805443 0.057288767608822726 -0.08087408223691821 0.09726717394500521 -0.13371301500393326 0.13977695466695855 -0.1843335801060893 0.17992098308077104 -0.2361901051170662 0.22060053675966146 -0.28834994593284186 0.25841960453153745 -0.33822023558738457 0.2861613209468358 -0.37833727996846145 0.3113543065287734 -0.3945444346862007 0.28336608792326484 -0.3674224848029888
0.07630308750649226 -0.0364044754553478 0.2276927166565931 -0.10752077001668907 0.3771989555187239 -0.18086629440333635 0.5273692666763292 -0.25470225130419977 0.676558615597346 -0.32467379434718097 0.8278923179248289 -0.40127529856520905 0.9586932145837314 -0.47443147796325486 1.0296436257721342 -0.5402678575007673 1.227747950134386 -0.5953413612276512 0.8993215945353465 -0.5256863063631189
0.04007430962039535 -0.020318238447000987 0.11572654863726926 -0.0620218664046002 0.19284741378014467 -0.10330087936032259 0.2703437239260237 -0.14475542962273355 0.3490216760820443 -0.18629082294342258 0.42578794933326763 -0.22617997688996966 0.5036696071149496 -0.2678522950112465 0.576363110212639 -0.3075167164638663 0.6550994621102034 -0.3417715636673138 0.39266223578792214 -0.3229085094118029
0.01620385866419161 -0.02578800001254708 0.0508699492143022 -0.07532292757583219 0.08661628728346708 -0.12723112337716763 0.1179759852692355 -0.1777230496937231 0.15128329178067296 -0.2277778760683647 0.18814525875962954 -0.27215695895685704 0.22066304655842578 -0.32193057085887256 0.25188638636756155 -0.3608829343969535 0.28261254586578427 -0.3987951501706354 0.2767227457387488 -0.34832429232267115
0.024503876762928863 -0.017164793099469947 0.07458056207979169 -0.0514914383435508 0.12387725190811125 -0.08559085978330218 0.17236324918169532 -0.11957862670963094 0.22152869794888286 -0.15338324434221276 0.2703942238925053 -0.187500161379442 0.3144629949759759 -0.22043186903703765 0.36020826810331935 -0.25197772523947615 0.3449554781734838 -0.2788746339807397 0.2632740736426791 -0.2580335956752849
0.05659621562365005 -0.0524568028983328 0.1696974349537827 -0.15695706711386742 0.2824161528389646 -0.2607019313356387 0.39471734419787025 -0.3640956573141315 0.5079040283579155 -0.46644238763779 0.6212913181377026 -0.5688170280428428 0.7307771475687246 -0.6637425587977819 0.8384335062177347 -0.7558498023237074 0.846763561171155 -0.7965338387231314 0.583082264982022 -0.7223535109499621
0.0264396007228564 -0.05028049224140794 0.0792524532435685 -0.15327528107210198 0.13104075884907115 -0.25386909701547694 0.1835646789784556 -0.36638483196158345 0.23800304629097124 -0.4722964006656596 0.29090100951414766 -0.5754988846141692 0.3451313567322708 -0.6744496287520183 0.3979033080770136 -0.7776077435755797 0.4437148405727843 -0.8567838879302653 0.4489687774094268 -0.702662620361872
0.06583231513279514 -0.0303161026676796 0.19483219482286868 -0.09267180576339953 0.32586270585318966 -0.1551192245697295 0.45720689032080963 -0.2167719084334829 0.5913217904478428 -0.27939147635385686 0.7184510190222875 -0.34144534877398913 0.8442698151617709 -0.4023016267685571 0.9775260303232863 -0.4619423428300696 1.0829788665734104 -0.5154018656594713 0.6171434646291772 -0.4997781523576292
0.026752574103461855 -0.028430991772679853 0.07707057235027481 -0.095887346125188 0.13133703746806943 -0.15805448310847442 0.18660493547827497 -0.21773101207206955 0.23983083944822634 -0.2797643205885759 0.2943466897930112 -0.3415069865220727 0.3425398768126901 -0.3999021868576363 0.3871838840578337 -0.4513612202567036 0.4206610599262174 -0.49060538250477403 0.38986422179130764 -0.4254095724588341
0.01560622818553756 -0.033467464120760765 0.04677836270001549 -0.09815753783469004 0.0783369090433593 -0.16986276060106806 0.11010792049096259 -0.24154630256377504 0.14221776588857585 -0.30967680824337945 0.1745785877242376 -0.378495750818018 0.20601474813195716 -0.4461003242233246 0.23547205846876743 -0.5126156685038724 0.26381706929785576 -0.5626221678196777 0.26889563733889643 -0.4534929405945534
0.03566828864342922 -0.023853947502085148 0.1062204167142776 -0.07181350948828814 0.1783741588253347 -0.11986646195282408 0.2478253495216568 -0.1675667883055126 0.3175408465168782 -0.2162141890259673 0.38583207705202394 -0.2621702651523818 0.4536039532946812 -0.31219736527733055 0.5140642899550898 -0.3580164510481551 0.553238383248299 -0.3939094392124564 0.5235227987033731 -0.3328948424199291
0.050530779282561826 -0.06086008431680894 0.15142316712663723 -0.18783878380182714 0.24863863085735044 -0.3126175245530199 0.3562048987465944 -0.43739524356939086 0.4689652485701042 -0.5556942583106381 0.5708596491360425 -0.6688212248123131 0.6644258350916712 -0.7907971843078742 0.7429043182775036 -0.8820688821000873 0.7836143954529718 -0.9061206239764753 0.6667147964469466 -0.9091649344672829
0.06663286604505156 -0.04154905517191748 0.1945877736050561 -0.1253926830678943 0.3220009809978453 -0.20889983596950926 0.4429939641218812 -0.2905994646535623 0.558324364936358 -0.3728095259584832 0.6701531095423149 -0.45495795329951827 0.7992918709746117 -0.5337659870057447 0.8869244466633532 -0.6078972059792035 0.9278597756996612 -0.6791108841758926 0.8325532919149913 -0.5650297057781696
0.03490215598601681 -0.040059659139955635 0.10510012042903119 -0.1216166379399662 0.1753358272668992 -0.20304032788402668 0.2454216078914876 -0.28312193730463314 0.31413037105205466 -0.3571716254811909 0.37989604467719584 -0.42064710541788203 0.4439645876252174 -0.46781428869884883 0.5056842400013181 -0.5217930924568467 0.5471113576168862 -0.5808676769550639 0.4691478854915895 -0.5082044763572335
0.05000988268536144 -0.04081341413773933 0.14926566689168294 -0.12255488727151323 0.2501459938025636 -0.20477312001197084 0.34646751281969274 -0.2858930929351492 0.44424103028446166 -0.3639513979643437 0.5381105198659079 -0.44797100547515567 0.6323971214880242 -0.5269382454193197 0.7209466898305448 -0.589357137142037 0.7675130443329774 -0.6408113967732084 0.7211298597252606 -0.5263342001198728
0.015313313782408898 -0.017515225739656685 0.045765860063305235 -0.05384445184909482 0.07623033997220437 -0.08970483037289954 0.10616036484602025 -0.12450534943847698 0.13661827857703573 -0.15901748671562474 0.16770793128073178 -0.19389955070661574 0.19412109966988264 -0.22987730888440472 0.21337638769366044 -0.2618472294559332 0.23265861235636087 -0.28518032464840554 0.19304518632835724 -0.2539408464558576
0.05518309358351401 -0.0266021564184642 0.16640116901881566 -0.07993197063199174 0.27804501218929395 -0.1333825561087467 0.39477717689206976 -0.18735544839448642 0.5076247518497681 -0.24289429896865222 0.6214814114901459 -0.2964823064143173 0.72706199365707 -0.3500576689277887 0.8318073022484461 -0.4026651106665917 0.9270474145623269 -0.4490793436445087 0.7440088338917494 -0.4378531192396507
0.06548964514103987 -0.03158679370873271 0.19608332344409615 -0.09631899594041497 0.3314706873325637 -0.16174030306564732 0.4646811560837981 -0.22692648481944555 0.595149875610231 -0.2915435462719884 0.7237278155722635 -0.3557129803942439 0.8571917106738017 -0.41955140015361897 0.9663145179084253 -0.48235892538814473 1.0522152947814076 -0.5364431188475228 0.952558243244908 -0.4912626177366833
0.026297832937577564 -0.029583303509749376 0.07865824031707892 -0.08972736589065392 0.13111931940197313 -0.14970500823144187 0.183177608425055 -0.20979920132587992 0.2344374669326311 -0.27038552626776724 0.28560719385466377 -0.3283878454204749 0.3320867906457439 -0.3864243179437483 0.375398826232088 -0.44460216178420014 0.43168082132035646 -0.47120699359056073 0.34337412916632304 -0.32169774708930937
0.025987659839287598 -0.011617900065180063 0.07872839662699894 -0.03555448153560732 0.13252027532758473 -0.05955429158425735 0.18656385945404144 -0.08367643092115182 0.24008304942745112 -0.10833582660538402 0.29172912735402406 -0.13253205257157458 0.3417314705367906 -0.15567724904989727 0.3895479535627482 -0.17856806206490713 0.41568986876306263 -0.1971458835394428 0.25024625334037165 -0.19059188741840405
0.014372178642821726 -0.011284440042871838 0.043960246147022985 -0.033686211274637924 0.07306498402151405 -0.05582137288405123 0.10185714192600687 -0.07835857647860867 0.13010973491802574 -0.10034605952117559 0.15834932353120543 -0.122423178925975 0.18498531003325297 -0.1443061761551321 0.21272425654863641 -0.16460130590903588 0.20541984556906973 -0.18494193860965752 0.165823425012363 -0.16574625449348127
0.016718971580231105 -0.038589404406097476 0.05100936500821851 -0.11613050209489624 0.08565842751412817 -0.19596608565635878 0.12016254283609139 -0.2760155046079708 0.1550841238323328 -0.3547098918714652 0.18985415806316785 -0.43348631470583154 0.22328346643093577 -0.5114235299516948 0.2556113300286508 -0.5813015061567681 0.28353376255453644 -0.6482415512923777 0.27548282611313296 -0.3865208880009428
0.029427234742124334 -0.023523009263655092 0.0910483099878805 -0.0691103382880262 0.15132764823422998 -0.11496302418324758 0.21114410512896561 -0.15784563574627594 0.26914409596194067 -0.21386036810626555 0.3269320739345568 -0.2600932674433186 0.384859433597835 -0.3054504734574425 0.42733547754711726 -0.3430461684446746 0.43967422857706956 -0.3658608531045538 0.47085471299262266 -0.32321657254191055
0.009981221970438653 -0.022609261058872454 0.030469384528827827 -0.06723882845676218 0.05135543266343616 -0.11333735486541963 0.07226448649030902 -0.15877360980479405 0.09269697518609332 -0.20383212827228497 0.11307969270519806 -0.24800039500673826 0.13338135552967073 -0.2933240024197115 0.15334868790253478 -0.3324090473980909 0.17133262397063959 -0.36027157372411905 0.16012376908772136 -0.28677637460031613
0.03528096349986038 -0.03506357720343558 0.10933499849754388 -0.11924867780380043 0.18964507020252527 -0.2046445338325201 0.26654085768091046 -0.2782607084360641 0.3438689763794698 -0.35644787568858943 0.42199001613336434 -0.4304354744710331 0.4889522945815869 -0.5042005728599989 0.5531363024262156 -0.5665631861398652 0.5983004646153721 -0.6305219735460844 0.5386539507358845 -0.5663516512658441
