0.018649373381436265 -0.0255818861442589 0.05638816986096496 -0.07700116552020701 0.09477719396983084 -0.12811420382201358 0.13172240602719923 -0.17678020800269598 0.16932115845808765 -0.2224587797717975 0.2057371091154674 -0.25861826160563955 0.23968283282035607 -0.2953227073770116 0.27306347323619545 -0.3324152236272089 0.30082018971931834 -0.36646646466098703 0.21898417576251483 -0.31115957794102045
0.028149242166165187 -0.054052491983934296 0.08546822629555229 -0.15880776429331808 0.14168413961353868 -0.2640427345777414 0.19868530829771833 -0.37265972272071407 0.2557912554829287 -0.47980639665301533 0.3130578420381885 -0.5851890176526814 0.36773521570338563 -0.6898435339725418 0.4242518587000662 -0.7844776846713828 0.4722503350629094 -0.9186430276219467 0.4574407609846172 -0.464195609048753
0.015370247151756028 -0.03187412103923291 0.046162483771844676 -0.09772452163579824 0.07703852509215778 -0.16349011883660639 0.10821975991422698 -0.23107629193780319 0.14006280605068322 -0.29845186576894694 0.1716643310300616 -0.3643343749140938 0.20190166647690153 -0.4284649023037867 0.2310700088297446 -0.49357396992413377 0.25530494724774755 -0.5469453080788128 0.26052280340988926 -0.37916198610852586
0.020612615558433394 -0.018832436428561087 0.06492199657976146 -0.06351172385411516 0.11388828694887226 -0.11080272508017085 0.15792776904319367 -0.14924422347136018 0.20392112256439793 -0.1921475886260134 0.24743695406938765 -0.23397560158872627 0.2885161853664063 -0.2724310397855443 0.3250893196503568 -0.3111438595265862 0.35579153628378063 -0.33946622594257925 0.3094843690819908 -0.30275623112538563
0.030756046182149627 -0.027787250056453508 0.09205442650770536 -0.08269063701718944 0.15302172795912286 -0.13738781313871684 0.2141296730500074 -0.1918268316567274 0.2738373665052148 -0.24583114450427976 0.3348237098959947 -0.29963795641587254 0.390935791854665 -0.3504692149991264 0.4493335750643189 -0.39600263658139645 0.5113472651614233 -0.4158019241751143 0.277532372350567 -0.4256227688890235
0.03559197921621413 -0.04031547343940562 0.10526683354740014 -0.13302840888967643 0.1833895517559525 -0.22294234539905639 0.2578272916886025 -0.306185996288747 0.3309027356297321 -0.39294154782035173 0.406820329926574 -0.47905059539888706 0.47161639342673256 -0.5621927198827834 0.5319830324225163 -0.6360446865417321 0.5822349301370575 -0.6927235218671993 0.5292461343176886 -0.6023404954341957
0.021470844699259445 -0.031069736781962745 0.06455556017739743 -0.09428359289397406 0.10714939759693463 -0.1566160312763306 0.15028360327328105 -0.21820987443811576 0.1930262026494984 -0.27959208388555556 0.23523795386679214 -0.33986696060194393 0.2774682044794839 -0.39631874299931985 0.3172304073073918 -0.4524169974358331 0.3557068198801662 -0.4280949251342001 0.32591184649855803 -0.38744071354338744
0.02986428095514602 -0.021372333084101344 0.09201453104383174 -0.06529086113663338 0.1531329600364102 -0.10926434796995399 0.21328604932850656 -0.1519511434206827 0.27420144001442104 -0.19467565877875945 0.3326086698957921 -0.23436045373388023 0.39025442805876576 -0.2733985369522666 0.44174923124907034 -0.3103915565156771 0.4879174935488226 -0.3423352646683425 0.4166250110058353 -0.30428942826901106
0.03193825792293856 -0.03776672679597148 0.0933601759537738 -0.11401110416837218 0.15551392345957551 -0.1891518699541441 0.21761567942122167 -0.2639821082625402 0.279681343387897 -0.3353840440937436 0.34261389141262993 -0.39529517202935255 0.40124074978415797 -0.45225391025395406 0.45872954184818526 -0.5091000293660984 0.5120679794554669 -0.5235269065285401 0.4292180681755615 -0.4904486463510719
0.018147965611688723 -0.025368476925618076 0.054207770374158186 -0.07637108875436452 0.09049050992612538 -0.12721854697219578 0.12617835084434384 -0.17817401899649546 0.16196225717195645 -0.2293046381308506 0.1970680515208759 -0.28030749382418885 0.231833435984507 -0.33039936769048056 0.2665876363673457 -0.38133548267243816 0.289358916735552 -0.4278461803300308 0.2692036650407542 -0.2744347194071235
0.03969167164966807 -0.06273727636111266 0.11492251397758849 -0.19815852646424806 0.19073940779603202 -0.32528583282309786 0.2655252708468089 -0.4527495066285594 0.3476219291197002 -0.5820742313369215 0.4262110420188427 -0.7088324089400658 0.500114572239706 -0.8282452429320996 0.5765022078167996 -0.9236500788328436 0.6238672617639544 -0.9452205387531817 0.5540633454223473 -0.8614236998591149
0.06963641839100942 -0.04655237443228176 0.20932592432067765 -0.14169472133568556 0.34779616571852806 -0.23593523497549934 0.486027069379049 -0.330904734865799 0.6207348421502173 -0.4239017477972359 0.7563593127265129 -0.5184840645399075 0.8878216043213447 -0.6081582626844924 1.011119682897587 -0.6915071740234271 1.0903111815951383 -0.7371892994386717 0.8613343213232761 -0.7231884449580052
0.06608439544687716 -0.03770693022375123 0.19939008341382788 -0.11224743419320116 0.329657106963713 -0.18570866944404396 0.4598861519897591 -0.2574280428099555 0.5900190897957638 -0.3353568907158831 0.7169125715232573 -0.4163877561784582 0.8371585841934714 -0.48959926076848387 0.921304480207967 -0.561795118526375 1.0176059022449115 -0.6150717176266001 0.7788332885715427 -0.5726846960312479
0.0342173132911537 -0.042452678034979686 0.1019375512077429 -0.13090995505114264 0.17049654536571396 -0.21602821873248979 0.2374910406062597 -0.30026554104770453 0.3045683940888439 -0.37776339883644783 0.37363291991950937 -0.4413373064818291 0.43659590714631213 -0.5004025911255627 0.49973654787844035 -0.5689218966973212 0.5495985441856249 -0.5914759713893667 0.4119712440003462 -0.5255085034646165
0.0315616884494549 -0.023889684411750853 0.09445893286957409 -0.07105550585065734 0.15696015220634799 -0.11824979962547623 0.21907379896782062 -0.16602582736481156 0.2793417680939966 -0.2128560999026783 0.3390030115999505 -0.25936159207968945 0.39517356662141767 -0.30569199750302023 0.4495248358897241 -0.3467073560570982 0.5150074656669881 -0.38595521919685133 0.34040604193097584 -0.3311282406278405
0.03180455576092842 -0.014784854557906447 0.09720591453072772 -0.044226295702816505 0.16446777986448413 -0.07349582890629132 0.23187436630573588 -0.10305142406743979 0.29883290366975895 -0.13327097503428234 0.3648397892054801 -0.1636166501670141 0.43017517796599647 -0.1925009741317711 0.48880127028066167 -0.22198335605180225 0.5456048846379572 -0.24646141710644864 0.4065214412250153 -0.25379275461644746
0.009592814642502442 -0.00559502173739388 0.03035768178663715 -0.016309123588189398 0.05176763148654162 -0.027170692939760138 0.07266987912636473 -0.03795116256121577 0.09372949816407462 -0.04906819883351068 0.11411675058035713 -0.060493020269947226 0.13400039264861408 -0.07114788713379887 0.15395719191429388 -0.08176975726668853 0.16946382796283185 -0.09101276825339756 0.14334347849672224 -0.08824302998632721
0.050784491631907944 -0.037701069488571215 0.1544260217281399 -0.11264502852136649 0.2567248020517489 -0.1898737994910471 0.3537007073194166 -0.26328831629284566 0.4453922283191226 -0.33824828862537876 0.5138789656148735 -0.41141308626653916 0.5974713502205264 -0.4793999589977456 0.6570022339132516 -0.5470623339025116 0.7645970105984347 -0.6006234085236409 0.6146388467964051 -0.4565524815679473
0.036032711078320234 -0.06928849343883094 0.10684594913002297 -0.21043903045746573 0.17864259758194473 -0.3525173868402292 0.24947643819630394 -0.5084539057065709 0.3231310077177243 -0.6521380971987006 0.3962991713644043 -0.7966643238138535 0.4699194109918055 -0.9336275402059376 0.5406729991430039 -1.0761578204065962 0.601972524697061 -1.186175736169998 0.6069998491864125 -0.9983111192073697
0.017063381067381655 -0.025197830325609422 0.05440293016361857 -0.07771010083662756 0.09186924113612879 -0.13042976644136905 0.12564371902198357 -0.1831905039449987 0.16206168218101874 -0.23363033266135877 0.2003401669125706 -0.27873396570359216 0.23513050072673117 -0.3271168715771966 0.2691320567740716 -0.3672386381432856 0.2993690487665372 -0.4065356383796211 0.2788367778942587 -0.3548411118431791
0.035551733942884675 -0.03845964831763698 0.10672401521101695 -0.11686185262313972 0.17782695489237535 -0.19344958760103204 0.24795994087172135 -0.2705860114670207 0.3169865214543723 -0.3458903733102965 0.3844927678851209 -0.41168885850786147 0.4517838155528191 -0.4609561267899168 0.5178078718577644 -0.5193670886375116 0.5758613079027708 -0.5255414024810505 0.4750845520674557 -0.5094831964247288
0.016699798072292035 -0.0238496429656075 0.05063418259851319 -0.07226381184637666 0.08449213773542513 -0.12084491253797193 0.11819586469123719 -0.16906596753844194 0.15180990131147942 -0.21653381590852105 0.18538014712421017 -0.26375787214351504 0.2179271913251863 -0.31024282011549953 0.24829849444925126 -0.35331451572836087 0.2815332143148123 -0.3857555698147867 0.23005396304048992 -0.3192848079102755
0.02866601734561001 -0.02616802969392106 0.08565558218530178 -0.08012781023135304 0.14412239010563116 -0.13318580997179924 0.20089158156332612 -0.1857719497873421 0.25886200961839345 -0.23468943590667138 0.314172118562601 -0.28260578297662026 0.37017598670946456 -0.32817493308490914 0.4217482114904631 -0.3731554800080838 0.45500961638171294 -0.4024790559832538 0.37253575636321096 -0.36789696461688676
0.0505594113718738 -0.020254551445844166 0.15196448893175515 -0.06166876164961352 0.2586173903607831 -0.10298396105239944 0.3622649899760625 -0.1468790343901451 0.4660312386569325 -0.19100062258094033 0.5698433084771807 -0.2313036875321054 0.6715825185021955 -0.2715690281776555 0.765844117184539 -0.3129504174224487 0.8422193413933176 -0.3402399180621547 0.6270815278895356 -0.33884144248494324
0.02163864976849136 -0.051764214489303496 0.06720186965680881 -0.1489035809139737 0.1122703494906789 -0.25493063070803584 0.15706830515448494 -0.35429411402719807 0.20144922514562597 -0.4591387709475468 0.24606217796589325 -0.5554938763844962 0.29018058974757904 -0.6506484257431806 0.3317415693006578 -0.7321634144277736 0.36758542503759695 -0.8093275464105797 0.3469470624867879 -0.6502351384033322
0.018873694654366564 -0.020686851455715097 0.055069435455207864 -0.0630192095695818 0.09513299665152826 -0.10692633064556355 0.13133007986359974 -0.15071677735788408 0.16770828621550185 -0.1922077792628601 0.20607464381064441 -0.2312719741448358 0.24327864889844572 -0.2681471485371918 0.278776748369081 -0.3046572995366853 0.3114166691463077 -0.3281121794683052 0.29702659407139637 -0.29465753339319645
0.02457607918847324 -0.018291599384866665 0.0738341849282826 -0.05528289365340629 0.12470087524948559 -0.09250315435561098 0.1724404587265225 -0.1285842551180581 0.22191016386973994 -0.16434025294790183 0.2695954566656499 -0.1973937286890943 0.3175205959684485 -0.2302062236444309 0.36221700401016443 -0.2623664053523854 0.3902726175044023 -0.28114750829644636 0.32303990581087844 -0.25879494103782497
0.04312107191919782 -0.04099204134090386 0.1324499652828309 -0.12439305183726354 0.22211747020660383 -0.20610345683334436 0.3072580280898987 -0.2903970668120872 0.393310713393607 -0.38254469706933003 0.474376527531901 -0.4627524252689307 0.5555167074381824 -0.5402045603540632 0.6224243800059569 -0.6072602431544204 0.6634385653312344 -0.6564032229525993 0.6394104592658707 -0.5334593832004293
0.0260026162103402 -0.011831540771388701 0.07750657452932555 -0.03558499004927756 0.1284499256766334 -0.059554807282008834 0.17981524370155355 -0.08362207782188252 0.23148128493350528 -0.10754656823233195 0.28203732006879684 -0.1316276787409066 0.3332506943956396 -0.15519590190948881 0.37114371342567437 -0.17742081606551685 0.43529088571822483 -0.19779785449407966 0.2569071898052982 -0.19910857567953275
0.012215762621770765 -0.03141931452140883 0.03699423331059036 -0.09357128453214562 0.061724099411504994 -0.15800811477450447 0.0866714596186125 -0.22196189775960962 0.11208864307488811 -0.28676281304438694 0.1377324288508528 -0.34992147441815763 0.1620186137658917 -0.4115584010005732 0.1863675040786269 -0.47039237986694066 0.21069848815341988 -0.5223883825359131 0.21810461281221907 -0.3664434941139512
0.030260812667489825 -0.07023463913465697 0.0923426968647972 -0.21251293938886714 0.15316500954239207 -0.36054176113227 0.2153666120667452 -0.5079247424908854 0.2805098038361942 -0.6552402155376363 0.3441741498691988 -0.7988214549678957 0.40379829582643506 -0.9402999977440839 0.46533557835132255 -1.065177855922562 0.5189090607157518 -1.1869278335127342 0.5362024120517936 -0.9409392573232925
0.005820067478647347 -0.012097157900422362 0.01785522874107722 -0.03432990439913914 0.030192795377242867 -0.056952172744046264 0.042206832338031186 -0.0791766065825401 0.05452138077904992 -0.10171715987707591 0.06645142980696192 -0.12327179689912268 0.07792721357842845 -0.14393782641080158 0.08894416523011855 -0.16521073542314318 0.09589956832170994 -0.18346819403722286 0.08339677811590016 -0.16912010293843793
0.05995887813381814 -0.03729123983607407 0.1812133904060795 -0.11338327333009364 0.30115329776802285 -0.18660168909466962 0.42018613993535614 -0.2612029052420906 0.5399717976796116 -0.3485798391382047 0.6585758553182138 -0.4234415619489161 0.7700835575471682 -0.4985579506730299 0.8671380712758774 -0.5659526570496273 0.8897575794135619 -0.6176906187906158 0.805052010647212 -0.5214623909250817
0.02610157229787081 -0.026792313257270835 0.07842345871413307 -0.08113598429773228 0.13030307223992174 -0.135871564779198 0.18181904481240346 -0.18860074811188313 0.22957620384613212 -0.24370228182337447 0.2777877318483098 -0.2971805303910134 0.323909351349618 -0.34930066856899167 0.36472339538895965 -0.3960695864448949 0.38756246797938587 -0.42923244153853474 0.3622640203840691 -0.35491320406601745
0.014383802955837598 -0.03323268296908843 0.0463569019263248 -0.09240516555805704 0.07683365744997941 -0.15423667298125238 0.10637334568716302 -0.2124841812262625 0.1358624313492869 -0.271072578794874 0.165582604416657 -0.3308774350813102 0.19694898870475078 -0.3864710403137446 0.22543722215160447 -0.4457730046301582 0.24656734333451993 -0.49778127872157013 0.19135559923927398 -0.3754761264352684
0.02744404997935221 -0.02876411043566122 0.08027457148748358 -0.0964488453103231 0.140468627187236 -0.1622082342761021 0.19878702705200532 -0.22260043627399398 0.2553951819747839 -0.28384862717930304 0.31514692410135187 -0.34273834089323496 0.36683079591933565 -0.4046493487921555 0.4109644802289639 -0.44773026129244037 0.4513556700053297 -0.5095847849400624 0.405330944607615 -0.4267656022112014
0.022165624968592364 -0.03836405816195885 0.06595301223923425 -0.11799834197482346 0.11042363754636188 -0.19418526766157948 0.15341497468619397 -0.2714149644953102 0.1975193874595962 -0.34768738444185515 0.24254711377845367 -0.4253187192588438 0.28725265020525603 -0.49521082628510493 0.33048639866092633 -0.5537049594655832 0.36931996047220383 -0.5595249212954398 0.32958065040200035 -0.49284673532669715
0.04311866013241827 -0.06433251124625959 0.1298752748646832 -0.20080481515318555 0.21033747523350413 -0.33153958056160143 0.29684124714088667 -0.46299285318175215 0.3973302323443255 -0.5931965879770953 0.48271798579349545 -0.7229302424369146 0.568064627924103 -0.8486928886791582 0.6385139313928317 -0.9388066889815516 0.685936757757397 -1.049954184793488 0.6333614202622827 -0.9055253419198123
0.015727624511489152 -0.015569870387514964 0.04647210454337565 -0.052359750665811514 0.08366132525225908 -0.08850902322799072 0.11363285471659282 -0.12364410002177863 0.14511989326972516 -0.15926681101317258 0.17768893291086119 -0.1927372288485453 0.20801837779003618 -0.2248043376957329 0.23772015606162564 -0.25416979259706657 0.2622502553129158 -0.27801510822010844 0.23140198035168744 -0.23205287039486602
0.01955989600784499 -0.02452140458805443 0.057288767608822726 -0.08087408223691821 0.09726717394500521 -0.13371301500393326 0.13977695466695855 -0.1843335801060893 0.17992098308077104 -0.2361901051170662 0.22060053675966146 -0.28834994593284186 0.25841960453153745 -0.33822023558738457 0.2861613209468358 -0.37833727996846145 0.3113543065287734 -0.3945444346862007 0.28336608792326484 -0.3674224848029888
0.07630308750649226 -0.0364044754553478 0.2276927166565931 -0.10752077001668907 0.3771989555187239 -0.18086629440333635 0.5273692666763292 -0.25470225130419977 0.676558615597346 -0.32467379434718097 0.8278923179248289 -0.40127529856520905 0.9586932145837314 -0.47443147796325486 1.0296436257721342 -0.5402678575007673 1.227747950134386 -0.5953413612276512 0.8993215945353465 -0.5256863063631189
0.04007430962039535 -0.020318238447000987 0.11572654863726926 -0.0620218664046002 0.19284741378014467 -0.10330087936032259 0.2703437239260237 -0.14475542962273355 0.3490216760820443 -0.18629082294342258 0.42578794933326763 -0.22617997688996966 0.5036696071149496 -0.2678522950112465 0.576363110212639 -0.3075167164638663 0.6550994621102034 -0.3417715636673138 0.39266223578792214 -0.3229085094118029
0.01620385866419161 -0.02578800001254708 0.0508699492143022 -0.07532292757583219 0.08661628728346708 -0.12723112337716763 0.1179759852692355 -0.1777230496937231 0.15128329178067296 -0.2277778760683647 0.18814525875962954 -0.27215695895685704 0.22066304655842578 -0.32193057085887256 0.25188638636756155 -0.3608829343969535 0.28261254586578427 -0.3987951501706354 0.2767227457387488 -0.34832429232267115
0.024503876762928863 -0.017164793099469947 0.07458056207979169 -0.0514914383435508 0.12387725190811125 -0.08559085978330218 0.17236324918169532 -0.11957862670963094 0.22152869794888286 -0.15338324434221276 0.2703942238925053 -0.187500161379442 0.3144629949759759 -0.22043186903703765 0.36020826810331935 -0.25197772523947615 0.3449554781734838 -0.2788746339807397 0.2632740736426791 -0.2580335956752849
0.05659621562365005 -0.0524568028983328 0.1696974349537827 -0.15695706711386742 0.2824161528389646 -0.2607019313356387 0.39471734419787025 -0.3640956573141315 0.5079040283579155 -0.46644238763779 0.6212913181377026 -0.5688170280428428 0.7307771475687246 -0.6637425587977819 0.8384335062177347 -0.7558498023237074 0.846763561171155 -0.7965338387231314 0.583082264982022 -0.7223535109499621
0.0264396007228564 -0.05028049224140794 0.0792524532435685 -0.15327528107210198 0.13104075884907115 -0.25386909701547694 0.1835646789784556 -0.36638483196158345 0.23800304629097124 -0.4722964006656596 0.29090100951414766 -0.5754988846141692 0.3451313567322708 -0.6744496287520183 0.3979033080770136 -0.7776077435755797 0.4437148405727843 -0.8567838879302653 0.4489687774094268 -0.702662620361872
0.06583231513279514 -0.0303161026676796 0.19483219482286868 -0.09267180576339953 0.32586270585318966 -0.1551192245697295 0.45720689032080963 -0.2167719084334829 0.5913217904478428 -0.27939147635385686 0.7184510190222875 -0.34144534877398913 0.8442698151617709 -0.4023016267685571 0.9775260303232863 -0.4619423428300696 1.0829788665734104 -0.5154018656594713 0.6171434646291772 -0.4997781523576292
0.026752574103461855 -0.028430991772679853 0.07707057235027481 -0.095887346125188 0.13133703746806943 -0.15805448310847442 0.18660493547827497 -0.21773101207206955 0.23983083944822634 -0.2797643205885759 0.2943466897930112 -0.3415069865220727 0.3425398768126901 -0.3999021868576363 0.3871838840578337 -0.4513612202567036 0.4206610599262174 -0.49060538250477403 0.38986422179130764 -0.4254095724588341
0.01560622818553756 -0.033467464120760765 0.04677836270001549 -0.09815753783469004 0.0783369090433593 -0.16986276060106806 0.11010792049096259 -0.24154630256377504 0.14221776588857585 -0.30967680824337945 0.1745785877242376 -0.378495750818018 0.20601474813195716 -0.4461003242233246 0.23547205846876743 -0.5126156685038724 0.26381706929785576 -0.5626221678196777 0.26889563733889643 -0.4534929405945534
0.03566828864342922 -0.023853947502085148 0.1062204167142776 -0.07181350948828814 0.1783741588253347 -0.11986646195282408 0.2478253495216568 -0.1675667883055126 0.3175408465168782 -0.2162141890259673 0.38583207705202394 -0.2621702651523818 0.4536039532946812 -0.31219736527733055 0.5140642899550898 -0.3580164510481551 0.553238383248299 -0.3939094392124564 0.5235227987033731 -0.3328948424199291
0.050530779282561826 -0.06086008431680894 0.15142316712663723 -0.18783878380182714 0.24863863085735044 -0.3126175245530199 0.3562048987465944 -0.43739524356939086 0.4689652485701042 -0.5556942583106381 0.5708596491360425 -0.6688212248123131 0.6644258350916712 -0.7907971843078742 0.7429043182775036 -0.8820688821000873 0.7836143954529718 -0.9061206239764753 0.6667147964469466 -0.9091649344672829
0.06663286604505156 -0.04154905517191748 0.1945877736050561 -0.1253926830678943 0.3220009809978453 -0.20889983596950926 0.4429939641218812 -0.2905994646535623 0.558324364936358 -0.3728095259584832 0.6701531095423149 -0.45495795329951827 0.7992918709746117 -0.5337659870057447 0.8869244466633532 -0.6078972059792035 0.9278597756996612 -0.6791108841758926 0.8325532919149913 -0.5650297057781696
0.03490215598601681 -0.040059659139955635 0.10510012042903119 -0.1216166379399662 0.1753358272668992 -0.20304032788402668 0.2454216078914876 -0.28312193730463314 0.31413037105205466 -0.3571716254811909 0.37989604467719584 -0.42064710541788203 0.4439645876252174 -0.46781428869884883 0.5056842400013181 -0.5217930924568467 0.5471113576168862 -0.5808676769550639 0.4691478854915895 -0.5082044763572335
0.05000988268536144 -0.04081341413773933 0.14926566689168294 -0.12255488727151323 0.2501459938025636 -0.20477312001197084 0.34646751281969274 -0.2858930929351492 0.44424103028446166 -0.3639513979643437 0.5381105198659079 -0.44797100547515567 0.6323971214880242 -0.5269382454193197 0.7209466898305448 -0.589357137142037 0.7675130443329774 -0.6408113967732084 0.7211298597252606 -0.5263342001198728
0.015313313782408898 -0.017515225739656685 0.045765860063305235 -0.05384445184909482 0.07623033997220437 -0.08970483037289954 0.10616036484602025 -0.12450534943847698 0.13661827857703573 -0.15901748671562474 0.16770793128073178 -0.19389955070661574 0.19412109966988264 -0.22987730888440472 0.21337638769366044 -0.2618472294559332 0.23265861235636087 -0.28518032464840554 0.19304518632835724 -0.2539408464558576
0.05518309358351401 -0.0266021564184642 0.16640116901881566 -0.07993197063199174 0.27804501218929395 -0.1333825561087467 0.39477717689206976 -0.18735544839448642 0.5076247518497681 -0.24289429896865222 0.6214814114901459 -0.2964823064143173 0.72706199365707 -0.3500576689277887 0.8318073022484461 -0.4026651106665917 0.9270474145623269 -0.4490793436445087 0.7440088338917494 -0.4378531192396507
0.06548964514103987 -0.03158679370873271 0.19608332344409615 -0.09631899594041497 0.3314706873325637 -0.16174030306564732 0.4646811560837981 -0.22692648481944555 0.595149875610231 -0.2915435462719884 0.7237278155722635 -0.3557129803942439 0.8571917106738017 -0.41955140015361897 0.9663145179084253 -0.48235892538814473 1.0522152947814076 -0.5364431188475228 0.952558243244908 -0.4912626177366833
0.026297832937577564 -0.029583303509749376 0.07865824031707892 -0.08972736589065392 0.13111931940197313 -0.14970500823144187 0.183177608425055 -0.20979920132587992 0.2344374669326311 -0.27038552626776724 0.28560719385466377 -0.3283878454204749 0.3320867906457439 -0.3864243179437483 0.375398826232088 -0.44460216178420014 0.43168082132035646 -0.47120699359056073 0.34337412916632304 -0.32169774708930937
0.025987659839287598 -0.011617900065180063 0.07872839662699894 -0.03555448153560732 0.13252027532758473 -0.05955429158425735 0.18656385945404144 -0.08367643092115182 0.24008304942745112 -0.10833582660538402 0.29172912735402406 -0.13253205257157458 0.3417314705367906 -0.15567724904989727 0.3895479535627482 -0.17856806206490713 0.41568986876306263 -0.1971458835394428 0.25024625334037165 -0.19059188741840405
0.014372178642821726 -0.011284440042871838 0.043960246147022985 -0.033686211274637924 0.07306498402151405 -0.05582137288405123 0.10185714192600687 -0.07835857647860867 0.13010973491802574 -0.10034605952117559 0.15834932353120543 -0.122423178925975 0.18498531003325297 -0.1443061761551321 0.21272425654863641 -0.16460130590903588 0.20541984556906973 -0.18494193860965752 0.165823425012363 -0.16574625449348127
0.016718971580231105 -0.038589404406097476 0.05100936500821851 -0.11613050209489624 0.08565842751412817 -0.19596608565635878 0.12016254283609139 -0.2760155046079708 0.1550841238323328 -0.3547098918714652 0.18985415806316785 -0.43348631470583154 0.22328346643093577 -0.5114235299516948 0.2556113300286508 -0.5813015061567681 0.28353376255453644 -0.6482415512923777 0.27548282611313296 -0.3865208880009428
0.029427234742124334 -0.023523009263655092 0.0910483099878805 -0.0691103382880262 0.15132764823422998 -0.11496302418324758 0.21114410512896561 -0.15784563574627594 0.26914409596194067 -0.21386036810626555 0.3269320739345568 -0.2600932674433186 0.384859433597835 -0.3054504734574425 0.42733547754711726 -0.3430461684446746 0.43967422857706956 -0.3658608531045538 0.47085471299262266 -0.32321657254191055
0.009981221970438653 -0.022609261058872454 0.030469384528827827 -0.06723882845676218 0.05135543266343616 -0.11333735486541963 0.07226448649030902 -0.15877360980479405 0.09269697518609332 -0.20383212827228497 0.11307969270519806 -0.24800039500673826 0.13338135552967073 -0.2933240024197115 0.15334868790253478 -0.3324090473980909 0.17133262397063959 -0.36027157372411905 0.16012376908772136 -0.28677637460031613
0.03528096349986038 -0.03506357720343558 0.10933499849754388 -0.11924867780380043 0.18964507020252527 -0.2046445338325201 0.26654085768091046 -0.2782607084360641 0.3438689763794698 -0.35644787568858943 0.42199001613336434 -0.4304354744710331 0.4889522945815869 -0.5042005728599989 0.5531363024262156 -0.5665631861398652 0.5983004646153721 -0.6305219735460844 0.5386539507358845 -0.5663516512658441
0.038243882662140495 -0.035311971163116525 0.1146875125108992 -0.10566808699818561 0.1904374253906285 -0.17614687792926842 0.2663535579087347 -0.24555173018507528 0.33995556890680356 -0.31506767933890395 0.4117373985889306 -0.3809275681951648 0.48150969995445614 -0.4461019266516402 0.558544638456252 -0.5040755821284777 0.6062055710293673 -0.5546096664449172 0.5185902724946483 -0.4352911059528835
0.025017713464099645 -0.058759457756611524 0.07615887495801517 -0.17718588491164905 0.12780425374355747 -0.2996905734581475 0.18147896323510018 -0.4209994602318298 0.23520884494600416 -0.5402361711303109 0.2861325401717728 -0.6605446973177802 0.3347510779227465 -0.777300703688974 0.3798184871254042 -0.886474316759969 0.40818509028145206 -0.9828194737413511 0.3947434117218789 -0.5946268812516254
0.012088755689220703 -0.010231258126302739 0.036816323845519146 -0.030706370185340927 0.06176834240273502 -0.05121725433084086 0.08634992026832385 -0.07132417364020469 0.11114727246112682 -0.09157445153542228 0.13563857716295907 -0.11230830450853865 0.15973278344933084 -0.13177719556669906 0.18431689740517815 -0.14846426279324196 0.20213235677485794 -0.16354371223977468 0.16218061198789233 -0.11106889485095267
0.045657955577499305 -0.029842855380377696 0.13820985146586026 -0.08983904331426118 0.23239074402251542 -0.1503239633414791 0.32489664671938684 -0.21107339966037583 0.42010896797372194 -0.27162115120394287 0.5103836801737577 -0.3316131336546571 0.5983443508820755 -0.38829778366074347 0.6968011237147553 -0.443255956420546 0.7875533601330653 -0.4916371764437666 0.5768508136238436 -0.40789950484000137
0.032056388593713486 -0.01876368681074969 0.09670559831182456 -0.055827392194471845 0.16305267516330546 -0.09305138392101583 0.2286120290739252 -0.13027815371004844 0.29661877033114553 -0.16758259328980704 0.36290840790620577 -0.2048634736558745 0.42607223302528635 -0.2429067839378877 0.4903011880942728 -0.28026315047861466 0.5435220251666051 -0.3168828790414961 0.508233629682648 -0.3242619032802049
0.024291109595527823 -0.014467481646252304 0.07725151980938968 -0.042933785451589206 0.1269000006897051 -0.07164705809734623 0.17588689733323817 -0.10051219944949259 0.22561458088652742 -0.13141567442410843 0.2752336273027462 -0.16055044784805617 0.32289399446510986 -0.18894402092879892 0.3600778549657324 -0.2168107055473292 0.36696257527199583 -0.2331461188323898 0.3390270351218563 -0.20558592388949948
0.038188802278300765 -0.0353648326223795 0.11419213009215383 -0.10615516696187159 0.19162109690471368 -0.17750642207805417 0.2685720853318096 -0.2458536569602663 0.34568868853142976 -0.31407109503323144 0.4202662552649239 -0.3744077636617034 0.4944149172149205 -0.4375867703586255 0.5693310239284957 -0.4856605408826615 0.6119273048293743 -0.5530576680612493 0.4387873245832445 -0.4923637742093256
0.012782173212495829 -0.005247288719126403 0.0383163964607814 -0.016425708315144855 0.06339091081783334 -0.02790669559092011 0.08901010166419036 -0.03880088017639967 0.11426396522106756 -0.049769469660985804 0.13937538018485945 -0.060431257795806805 0.16243722046617903 -0.07203729952051853 0.18013066380737694 -0.0821067528454162 0.17024287251335707 -0.09134369682046044 0.14042009479784898 -0.08465085953983023
0.028447975823902537 -0.05080092948285109 0.08679939880789331 -0.14920664460268201 0.1446800328835762 -0.248143320732233 0.20290888456569825 -0.34457360899235323 0.26041578035190066 -0.44003870309055443 0.3183698797903501 -0.5332386882982174 0.3723411562896895 -0.6279350236671167 0.4215679148404897 -0.716623491936572 0.45116508416334844 -0.7906726535806798 0.4245044678530444 -0.5584685422115644
0.03102771926192888 -0.025252251302762523 0.0952044644721357 -0.07600646100459045 0.15764734614055298 -0.12704885824412696 0.2222925423824479 -0.1764667599470149 0.28212787521060606 -0.226689270043496 0.337570612465798 -0.2792765278820321 0.38987626058896213 -0.3275872343602455 0.4396564008607943 -0.37614912182320326 0.48031543305983454 -0.4186857329513986 0.4095695226811143 -0.3654929315800495
0.03385076564210665 -0.04921566651687951 0.1047444186539852 -0.15502869622462329 0.17565904921581396 -0.2557320273647024 0.24374517424080722 -0.3565048478297053 0.3123331694719394 -0.4565210058197609 0.377092199162188 -0.5531590666674859 0.4427804884717104 -0.6490282929695967 0.5050060313933165 -0.7317328262345215 0.5471721519643483 -0.8172270645040198 0.47553755319647156 -0.6812275237650897
0.021837165852961467 -0.01936743311443893 0.06507889070342092 -0.058371626934877616 0.10845630968133524 -0.09677441595208071 0.15235105609331814 -0.13582826471043113 0.1951436243531461 -0.1741513754362289 0.2383448136721125 -0.21065182618426426 0.2799486988232725 -0.24679175832507202 0.3204994488436841 -0.2769314647376386 0.35829264225939655 -0.30877278485351667 0.29859439666835597 -0.18223812356054142
0.06963189405516626 -0.043520736728304435 0.20846280259089114 -0.12968049219779626 0.34996915718243554 -0.21684218749864229 0.4915099081608941 -0.30626853729627773 0.6336073717410247 -0.394015758075908 0.7694535064447862 -0.4801305717919454 0.9075792844862051 -0.5654315969288469 1.0533230465285304 -0.6494551908758958 1.1531843822244765 -0.7158138970278645 0.9392271709000025 -0.5991789549707894
0.023081451600309083 -0.03385386108044405 0.06910022416229851 -0.10077123663521992 0.11536208216835275 -0.17044204431115834 0.1608724700383247 -0.23871834677546985 0.20606157307364426 -0.30701368738633883 0.25273597170890916 -0.37586189990339736 0.29739030576209485 -0.44063270961161644 0.3338866645299387 -0.5032733341629978 0.37268160049690663 -0.5605972870391739 0.3049463085229285 -0.4260920946259953
0.053824441746233014 -0.024965941381652562 0.16510717333176173 -0.07534498541329387 0.27634000314442375 -0.12604190461647116 0.38945561756456865 -0.17701984566633758 0.5026429234257425 -0.22830537216805646 0.6132130446704003 -0.2806766815139904 0.7204357463541061 -0.329802876816888 0.8293012090758396 -0.37871079180641853 0.9215746218030176 -0.4200670639841087 0.6833460571025185 -0.42861698847131213
0.034567418961512934 -0.06706876659459722 0.10551673165343346 -0.1973504819767465 0.17564452557229546 -0.3272182100347535 0.24593161667592628 -0.45302131856863115 0.3170007539209881 -0.5811836787257769 0.3872013867295229 -0.7038513089963305 0.4545146125215481 -0.8341003395835382 0.5166312135905433 -0.9362009282591452 0.5505718962454245 -1.0420604455272942 0.5291384146979584 -0.8264290645618803
0.007194609582275371 -0.014244642076886705 0.02183162063750457 -0.0408722239919216 0.036589337902009446 -0.06796629542304092 0.05130846604876772 -0.0949718364311829 0.06577128825463661 -0.12241675826739457 0.07987962130187844 -0.14941196633447854 0.09350378949522314 -0.17539692854914885 0.10714460580391441 -0.20157839515186712 0.11805499946659237 -0.224981752812282 0.11454621561971237 -0.1811515743431619
0.02633853833072909 -0.020102692127296026 0.07844375147553934 -0.061798523501913484 0.1301505024397607 -0.10273365290956535 0.18054803762212643 -0.1433045399910606 0.22892447207131947 -0.1841513094475503 0.2719286534322424 -0.2230955500390027 0.3066316874042176 -0.2624209758247707 0.3385880329294176 -0.2959059018867689 0.3731712044015457 -0.3187662346341709 0.3264457981167042 -0.2549395545666735
0.02208773896906015 -0.020659639211531335 0.07196178635805911 -0.06343135748541061 0.12015393056547959 -0.10653419527645558 0.1668493108272759 -0.15177477843548484 0.21175219819158403 -0.19872419883683964 0.2543208730450694 -0.24081148341335595 0.29903768878361997 -0.28172728668068875 0.33382498556973866 -0.30988885411797423 0.3599266553239965 -0.3437803914039579 0.35190110492417664 -0.2890976886932964
0.02139849311478293 -0.02941137912035699 0.06456183211971851 -0.08812998098320421 0.10764742340329943 -0.1460768761136187 0.15058679506229497 -0.20404105272261502 0.19338907133967143 -0.262342947278398 0.23588099130329282 -0.320298240801594 0.2776552068141882 -0.37630862924737135 0.317838577011583 -0.43419310993497395 0.34395187723404913 -0.4732830665202272 0.3006758158067704 -0.3925449609104934
0.03819851174965515 -0.024365308370759307 0.11570875744494774 -0.07296609545777358 0.19411506531566575 -0.12213396835270149 0.27230807054088185 -0.17116448973247161 0.3506723288913958 -0.2208339496598713 0.4257846488217697 -0.269509094636574 0.5013288425687561 -0.31622483410302715 0.5660649929152665 -0.36130269240945384 0.5978015402920216 -0.4003937435941498 0.4987518571076877 -0.3612488971878958
0.015363936060966983 -0.03124593686359006 0.04527888965850571 -0.0938412061341751 0.07621361774579549 -0.1577115963495294 0.10831698912010634 -0.22154604183436086 0.13978016047602507 -0.28281060208796466 0.17054808218176937 -0.3452117047616649 0.1998215880127697 -0.39851906439329626 0.2277663812996131 -0.439659254113344 0.24958527244306686 -0.4165389889462345 0.22404402777233895 -0.36798703111263364
0.02753407149973378 -0.021519109632830467 0.08262199906132715 -0.06269703901954105 0.13837287162739614 -0.10441587319786297 0.19361951087197374 -0.14720604432267825 0.24808956051374564 -0.19050499611499636 0.3012969489924334 -0.23157459445655754 0.35505187836891616 -0.27443901607994403 0.4039741282018902 -0.3127494770168814 0.4506004169815016 -0.3456194189969899 0.430645984907704 -0.285845184979064
0.039602876825209334 -0.0518493133002851 0.11735354330616883 -0.15678464117349256 0.19500118270861994 -0.26038861800314894 0.27512978603155286 -0.36514886616346687 0.35784846751655824 -0.4650370590072609 0.43811927817040514 -0.5624139823673039 0.5159562874913304 -0.6628900576413504 0.5863727398497187 -0.7500373390598684 0.646333571185524 -0.7568192033736444 0.5578676684017924 -0.8551097509949914
0.03721728029212536 -0.05490546938018383 0.11125676379970315 -0.16343051508256146 0.1851749560027089 -0.27414142445876166 0.26185471979467756 -0.3855381056376522 0.3361391934345322 -0.49431361903871684 0.4104629378798681 -0.5973149381027826 0.4854003256173828 -0.7088322480257471 0.5540398018607479 -0.8085787547997172 0.6131056128609801 -0.9054770388888354 0.5208936878799479 -0.8393226759141623
0.007172820020460122 -0.008574569039014653 0.02154126995181007 -0.026155130266695203 0.03597150397792091 -0.04388244634305565 0.05027094860460565 -0.061112542015997244 0.06419495229161243 -0.07875290132873858 0.07686371795455164 -0.09554958858623351 0.08884614567644561 -0.11215444988439462 0.10156574498405925 -0.1287951303266236 0.10903551490314346 -0.13724699151269248 0.10280296855369193 -0.10990325441181732
0.06842618730898814 -0.03467151440145841 0.19943491504704736 -0.10422238511351115 0.3284290139415556 -0.1741689795396752 0.4531517234920124 -0.24317477145515623 0.5736328011943079 -0.3129456273283101 0.7079295473560162 -0.38062249492020694 0.8232080310606152 -0.4488502164866577 0.9210912211151118 -0.513188309818543 1.0795790811343167 -0.5670749996382491 0.7934435292182741 -0.4758948724605099
0.01439969166652037 -0.00751542261290815 0.043241097226387144 -0.02281934465474064 0.07235463469059612 -0.03798005626174107 0.10143018869434238 -0.05315682197313322 0.1318853558093356 -0.0684237030712251 0.16128313633993346 -0.0837547025160815 0.18991474039465048 -0.09921970056811251 0.21870809654158996 -0.11488703686075537 0.2432283849409984 -0.12869194952656077 0.2152250955129619 -0.12358987712851709
0.014105366568350278 -0.026688480200720874 0.041798764714702834 -0.08001462973486369 0.06981246757032879 -0.13317096464866104 0.09894022867012228 -0.18575923039148579 0.12752868729905212 -0.23833197418460064 0.15664806708123666 -0.2903200304602119 0.18479211916765204 -0.338903753363564 0.21089376557685743 -0.37046596974387164 0.23168114329875142 -0.3960013507865838 0.19110210012948414 -0.3044243157862683
0.021148476336006066 -0.021483255400632898 0.0653473286795662 -0.0638569744788611 0.10892194002904096 -0.10664368394213654 0.1515342388836693 -0.14945763284624677 0.19300219689087456 -0.1967681927281964 0.23249772072712907 -0.23817530924268393 0.27234560778447264 -0.2787981413841516 0.3058336704302378 -0.313456655164057 0.32783709178913206 -0.3390213098867112 0.31282974568427524 -0.2768737711959289
0.021975827546575146 -0.011307171496873259 0.06667311945668927 -0.03421375445094926 0.11134867556134946 -0.05708110666387213 0.15664315206684223 -0.0799679594957987 0.20109915363524852 -0.10295177512329304 0.245342254151119 -0.12583961307249264 0.2891408050187343 -0.14874456253910778 0.32885117675352193 -0.170417265412245 0.37326436098646254 -0.190227605360164 0.3109731761506845 -0.17245926169468348
0.04141403678293783 -0.025551521532207543 0.12350303526140355 -0.0781667826669184 0.20617309215351723 -0.13048274185595127 0.2877374873583966 -0.18229453122934713 0.3700316682340832 -0.23468718405053748 0.4511347027724806 -0.28645443147002553 0.5318616341645626 -0.33755637726632326 0.6049425420481511 -0.3861516639795186 0.6938433870018704 -0.4187706942761109 0.5025985652726664 -0.4080378613001184
0.030271001388808002 -0.03446165590458567 0.0888832805093796 -0.10624771357523237 0.14744810463718586 -0.17622269657999434 0.20657144136354796 -0.24591227388212497 0.26496178013234384 -0.30878470752159953 0.32563741185232264 -0.36352365445035667 0.38101853548367665 -0.42127987124437627 0.4350645251766367 -0.46634299610032875 0.4857099762471415 -0.4823037137799423 0.40363341371648265 -0.44628530145634465
0.022895779732176748 -0.03913102789885228 0.07049385001064848 -0.11819466210026144 0.11733265490793524 -0.19830107691934748 0.16307870600313587 -0.2740194021678611 0.209228636212071 -0.35304409548478727 0.2534140622332751 -0.4264375378636414 0.2961928170529094 -0.4994467336123737 0.3367740754701148 -0.5648445228063953 0.3684338345631801 -0.6154963795405409 0.3204805235010885 -0.536229145028756
0.0406764957117831 -0.048803339189467033 0.12036573795523008 -0.14856208596704654 0.19814621217937392 -0.2475053356753889 0.27799442797374796 -0.3461555234774723 0.36761037518232575 -0.44057627829024393 0.4498017723782155 -0.5324193128644961 0.5249876472552262 -0.619823603902297 0.5931260689571213 -0.7089796937579179 0.6301851487110439 -0.7215961286507633 0.5181684179825118 -0.722689612579453
0.022036312678409452 -0.0434076621799397 0.07126377089067933 -0.11622783559359459 0.11710017334169609 -0.1958499234285903 0.16074260533039653 -0.2709592504924193 0.20498680963245958 -0.34784720965022126 0.25539692861241226 -0.4168585046183449 0.3001632260706874 -0.49955041892006524 0.3425211036057182 -0.5685871309952425 0.3829899825961445 -0.6229458758679941 0.3516617058365228 -0.5210026856652737
0.024165400124417813 -0.012073294645310479 0.0734466165410186 -0.03662694267918525 0.12371334838001014 -0.061189467568316544 0.1741010744329971 -0.08588001022403174 0.22425573921959233 -0.11083989208026974 0.27294073462786156 -0.1356124624501409 0.3209109901972755 -0.15914330332963547 0.3654112519550099 -0.18248580018536675 0.39485609444582637 -0.20234393230470996 0.27924232136838045 -0.1801673567400994
0.020889402790227107 -0.03593102603243355 0.06557110147068758 -0.10737517650749488 0.10983416358988632 -0.17978147633820596 0.15271866052586477 -0.25033848069861986 0.1956073349816567 -0.3219373726396794 0.23779477114026654 -0.38785233099595917 0.27889793398475243 -0.4510781706917418 0.31650045109794317 -0.5154028652592608 0.35197028625195165 -0.5534136740940953 0.29931539771019017 -0.49232808734912836
0.05059408372866842 -0.021943220749678184 0.1498733026706467 -0.06633786926417429 0.25045274431867903 -0.11107844579726904 0.3524238507895105 -0.15634389602250934 0.45559090826314197 -0.20179366287879819 0.5545187544288539 -0.24658460966379156 0.6540818576215018 -0.29039290712979693 0.7555523363404516 -0.3332031356187195 0.7849298711624543 -0.3713621944471608 0.546608711211994 -0.3564153644597584
0.0288625400745036 -0.05312211279300882 0.0867358430448088 -0.1588116178973301 0.14421944921443378 -0.2668863206140937 0.20232115280379956 -0.37501532600020665 0.26017750403182494 -0.48646448234656803 0.3184048435678061 -0.594627997468291 0.376748094730913 -0.6991997063077291 0.43566113926551686 -0.8054803384521632 0.49228732688136523 -0.8938787907056542 0.4719731198560925 -0.8107620429722279
0.055042691185732025 -0.025653059753309587 0.16763080860285742 -0.07727104300963952 0.28255058665821386 -0.13019997907066766 0.39717973958318414 -0.1834376460548315 0.5098695370340743 -0.23761926761445928 0.6192838227624907 -0.289584748149636 0.7230218221930113 -0.3394628654162735 0.8260703468289663 -0.3849554146042815 0.8030812611763565 -0.41284743198563145 0.6266368903301063 -0.379587770371738
0.01815027682997735 -0.043402462929798304 0.05524273984307048 -0.12775077835908455 0.09289846314986808 -0.21921203479937196 0.13161800209028 -0.30771315594835175 0.17034889687234314 -0.39407836686297426 0.20717535478839974 -0.4812386351821973 0.24349005518604738 -0.5651965154510321 0.2787047488964387 -0.6394328966295972 0.31232568107702646 -0.7181226729472254 0.29726644300680627 -0.5094229650690845
0.02284161098242344 -0.028939300511264737 0.06887950589708483 -0.0870534381266366 0.11488900623376407 -0.14538229865194793 0.16055019436879067 -0.20318661560682807 0.2065395268160319 -0.26197661695355995 0.25155311302117866 -0.3203909419661885 0.29590806178990364 -0.37798252690965706 0.33923572184361706 -0.43528440560963266 0.36377714800936856 -0.4921463327266553 0.3510381965483254 -0.3414798689305478
0.08041368078095328 -0.054175225445569325 0.24143794560360676 -0.17007390510525217 0.40142891940522707 -0.2815256544546724 0.5574111695670931 -0.39068352095446696 0.7038702088517347 -0.5032929290517412 0.8377780314855084 -0.6202133988022661 0.9816795650133293 -0.7248210405722917 1.0919681397645495 -0.831521162304904 1.197324495774896 -0.9203431898354459 0.9872206279363679 -0.7270268309268567
0.07895198321502855 -0.06223359213156424 0.25042699575697047 -0.2041451691424653 0.41422233757038335 -0.33940149018910276 0.5764466156676312 -0.4670891604839144 0.7532648295837118 -0.5970630821806359 0.9187532719529776 -0.7287957551304701 1.0674967893890523 -0.8523429932563147 1.231529028399304 -0.9736604554101519 1.3737153447897572 -1.0730368760539173 1.0654339631972074 -1.0046506809118187
0.03657916138833761 -0.03769859584836459 0.11268001294788905 -0.11139901613765166 0.1866466398445478 -0.18529398315138615 0.2611005507647012 -0.25831406834268833 0.33360473898139964 -0.3301984181157062 0.3980915579392284 -0.4018691666852858 0.450669210893554 -0.47077927828605043 0.5010389982542995 -0.5402447758047706 0.5521358503784666 -0.6016095329943317 0.4475892155230639 -0.5123317441063457
0.03325579736185965 -0.05532981818264857 0.10039211460188253 -0.1602005051700355 0.1676945787557432 -0.2651717780574956 0.23368887177023207 -0.3656780422122034 0.299963009523724 -0.4589774079460824 0.36568675705607945 -0.5542172615151691 0.4296391529843655 -0.6557190796862046 0.4888768513372883 -0.7352683770125781 0.5458689908964165 -0.8181475209968476 0.4389262719922439 -0.6480126321857141
0.021584933292194172 -0.014680399977140778 0.06404288711138863 -0.04381351783874981 0.10749063649518446 -0.07315141104052716 0.15076895349962283 -0.10250040685736919 0.1938089231126395 -0.13203598545348272 0.23521727652169072 -0.1612009945944757 0.2758741935359974 -0.19037439167591882 0.3193519243223217 -0.21782674513243033 0.3582680174242087 -0.24009173694626004 0.29300175130904943 -0.20300707786871042
0.021381304050138706 -0.01894934158138652 0.06342966413097885 -0.056680747246895966 0.10564999187893309 -0.09454182018590294 0.14752120492157336 -0.13136573262779985 0.18850755069149294 -0.16827202897730498 0.22886203719141127 -0.20332998552703224 0.2689605931068528 -0.23691005448951274 0.30946195358381867 -0.25816732409476345 0.3417564237553209 -0.28330816541976384 0.2960806142240703 -0.22354175884079122
0.030741345160775882 -0.05814165414007102 0.09378991853119145 -0.17708859742943192 0.15665251021070534 -0.2964428131772311 0.21974795942999428 -0.4165253497772246 0.2823927400178358 -0.5341689991914627 0.3448565805218056 -0.6486156310509612 0.4079824370587004 -0.7629383763315465 0.46970377310499994 -0.8764102528848444 0.5187155291494132 -0.9503551426726919 0.4156081068889745 -0.8175908282595266
0.028278857370983065 -0.012675777293637317 0.08525244378769836 -0.038663393119013914 0.14102064391503225 -0.06546443050682489 0.19816053035255055 -0.09183146834079778 0.25396884074821086 -0.11727406267030673 0.31040167528414575 -0.14316387065090488 0.36194110238343485 -0.17014055143002263 0.40549110882048717 -0.19368807313790964 0.3584169506925576 -0.2148972559279197 0.35366698592132567 -0.19184742691791515
0.014162968031510475 -0.008701482146196218 0.04237705635575394 -0.026136593890515886 0.07058778863614494 -0.04321802085581093 0.09874506140164076 -0.0611645295579772 0.12665050236135278 -0.08041780925410076 0.1537567306600377 -0.0979004859834798 0.18119092977209758 -0.11522639365072883 0.20228251546647455 -0.1307445693797788 0.21329132985349278 -0.1439897243206552 0.19035622056345722 -0.11987024140554912
0.016928234542385994 -0.03946954141622896 0.0519181131901691 -0.11927959932965937 0.08794706617516584 -0.2005050777758408 0.12545133008870882 -0.28157921081061255 0.16046693687395586 -0.36200231556456935 0.19440400210338019 -0.4424038271934483 0.22704283941326814 -0.5134222118579398 0.25718622203716884 -0.585897537160251 0.28163887854033876 -0.6200594160278429 0.27704228728912494 -0.4219807972988225
0.012679462607628892 -0.03067738951876858 0.03897636896983758 -0.08728616601970487 0.06484405115043436 -0.14569394643604033 0.09132480934769903 -0.2054847098044203 0.11794470019553235 -0.26426799816623253 0.143550306149977 -0.32221492680467534 0.16914427666893966 -0.37996101657752185 0.19465924582365093 -0.43178964831378674 0.21658946112725455 -0.5042833020278333 0.2052476945921525 -0.3150906600065442
0.03418307605423166 -0.03527002759620057 0.10354499145635389 -0.11921914655024582 0.1769698467237546 -0.2005330559516514 0.2516788640849713 -0.27590195385826644 0.32666875202203305 -0.350756377538185 0.3989483962008306 -0.4225392341422285 0.4652785441143991 -0.49786632453321 0.5169113861423181 -0.5467866872571805 0.569940900797244 -0.6155426878582276 0.4862955879424583 -0.5794468615589082
0.0866850223675226 -0.0511115856924378 0.2549998148889895 -0.15454028081713045 0.4222400913390677 -0.2582943424616673 0.5869034949786252 -0.3600243944621998 0.7461646125958915 -0.46408981950172035 0.90318524664833 -0.5664100900821462 1.0632431027909885 -0.6630517178051634 1.2047091379074382 -0.7473901985005492 1.3418098463500199 -0.7993069341353971 1.0248901571121762 -0.7498992930641312
0.037489916241714605 -0.03813217050561507 0.10991227131745768 -0.11571320330017622 0.1833309561977099 -0.1904519309810212 0.25557433885068404 -0.26603168857878 0.3266910503272811 -0.33986797015486936 0.39883690325616566 -0.4073901124796605 0.46911182127731704 -0.4631179213299539 0.5344337488776598 -0.5141734932535238 0.6036632617451801 -0.5281246817884803 0.5270944529796825 -0.4706767241076778
0.014696478769961389 -0.017380827870689723 0.04393145830704863 -0.05262802741616752 0.07323458693134036 -0.08739864818185605 0.10199396595510571 -0.12220362765023078 0.1309736202307185 -0.15750139157097012 0.15942643484653746 -0.1906131249965279 0.1877918812366805 -0.22384075533367176 0.21151693617954606 -0.25459503013282925 0.234860045322252 -0.2623976653426153 0.18581053497477104 -0.21072595655664675
0.03536622369609722 -0.04861435001498774 0.10957304634496255 -0.14930483762073532 0.1816036095599724 -0.24745195748051435 0.253007088562974 -0.34433101914624675 0.3252154791431053 -0.43585284918359063 0.4003446428136708 -0.5184972193531137 0.4678288014108262 -0.5928060375895489 0.537800120987917 -0.6617702214214263 0.5923498119247635 -0.7097730355734319 0.5021011999079394 -0.6179424312217509
0.014043135015447395 -0.031441549014901336 0.04291875849208139 -0.09234729572765234 0.07288221920285405 -0.15181643350634091 0.10126044683662207 -0.20904004017766703 0.12952511826658417 -0.26692842451472026 0.15732066517788015 -0.3261712577530533 0.18693853817889935 -0.38135966211787814 0.21429400820075886 -0.4322922284929464 0.2377110560932196 -0.46737667068326016 0.21204995445390654 -0.390354754396572
0.03445931282701174 -0.02197011146375091 0.10338741932111543 -0.06647373185632433 0.1737589348440169 -0.11148187694842523 0.2428819096478888 -0.15631858428224446 0.3130822651439719 -0.20122466743645812 0.38222989993259726 -0.2459486585839882 0.44882626976213097 -0.28833441743938043 0.5223202749278256 -0.3298432161275071 0.5880071431182152 -0.36432430900719603 0.47028599981283614 -0.30999979767650504
0.003547369966545095 -0.0064497782669866045 0.01078101787853942 -0.01929266897025186 0.01809481385043897 -0.032368418181558674 0.025390577283285306 -0.04531220997235214 0.032635237826490915 -0.05786641627639128 0.039853569603465644 -0.07053866939013262 0.04701979142638048 -0.08283329977389195 0.054141261685462724 -0.09395952397092017 0.0604381189925597 -0.10479939837830243 0.054491345908186675 -0.0934036687386315
0.03915876761854328 -0.0196619204434888 0.10790406316650163 -0.06704516316267181 0.1810287418417511 -0.1087543618759672 0.24870306461639177 -0.15009752204646895 0.32066781916682174 -0.19114238665568964 0.3919187408500875 -0.23599100514457572 0.4636619228182448 -0.27986652644028054 0.531069315147265 -0.31757512840607544 0.5887668212718672 -0.3523786534612605 0.5161446158755164 -0.32206378549412584
0.05311386693508367 -0.08521951193035922 0.16013338069495833 -0.24817429025629117 0.2652095627399577 -0.41153314553382236 0.36991786785936626 -0.5662745849811925 0.4748741699844765 -0.7144929740744893 0.5801053604032638 -0.8632388018375411 0.6810923226347254 -1.0194820813688297 0.7780394241020469 -1.1424315714259623 0.8560959326830037 -1.2000482806513415 0.7171241749515537 -1.0410754297797282
