23188	13368	32877
63688	19735	1895
35231	32074	6042
12632	37779	69389
39063	35712	37951
60333	54498	68600
25937	19477	35696
66806	60705	42769
21829	20495	1294
50595	6958	62905
7561	59514	48232
69795	63525	46480
16415	3830	17312
39642	45491	52494
30743	66725	14073
43303	54721	33111
29463	46785	60290
11651	59500	5915
17997	22929	16577
2608	25939	58261
5981	60600	62955
27360	11964	5677
16478	7782	61467
64748	14014	35432
20460	57393	65964
7740	47399	69377
9222	22612	10280
924	10839	27697
61075	4038	37123
58565	27835	43733
69211	15941	69613
17391	65049	26626
8685	26816	21872
26274	44574	31086
28962	4380	21486
37954	45117	13220
57157	57438	43985
66131	40783	21036
18237	44508	5092
56129	47095	36864
20192	4302	61463
11233	42855	33709
67702	9286	45617
20131	8958	3830
47338	19050	69994
14408	35740	68606
7299	31615	46151
13454	62267	29083
61699	8035	56274
20775	55949	34056
58008	20093	14775
10526	54221	41155
25939	45471	13106
62977	5677	65326
53737	48040	63918
63710	60700	52144
4545	1740	11151
51483	51829	55186
8460	34712	44034
62151	7517	39999
42778	53666	58503
25678	39991	32797
58025	12014	9288
29805	8372	53607
13691	69411	67820
7457	7773	6220
19861	15648	24428
26864	42230	40940
43736	3194	61805
47374	61045	58850
21320	14603	32567
56927	38225	31615
35578	51873	63210
43510	41162	44359
24828	56527	65420
66462	30245	54209
31122	10768	56450
2192	6202	11843
11366	63682	5692
24103	26801	5807
29074	6118	39459
19477	13023	16655
30081	60856	36748
41712	8130	55624
15286	2683	27428
8372	13540	19525
45192	35251	44332
30265	33922	61753
36065	65192	23833
37281	36477	28394
33324	42603	21987
19666	19206	33030
64238	55539	67300
10122	47630	50147
65094	37882	3580
52807	59389	7188
25669	58261	51404
39122	63293	10109
51615	43494	46338
16244	66853	16927
56669	60336	46141
67796	4562	21400
8726	49371	62585
39852	29613	56502
62158	60893	24976
61348	7441	18644
9157	16124	13736
32232	19564	18782
62186	54451	26425
60773	61393	12006
5320	16541	59538
63391	23220	26876
50071	61562	61780
18245	61575	24250
11923	16899	18883
60745	1758	17785
38578	23160	16153
6714	40329	49333
64304	55320	24870
12118	13322	20037
64774	22858	30507
54426	44270	40414
40193	42633	4187
19132	63186	34176
62731	6274	29800
21380	12032	48488
62082	62610	28723
52466	50721	63348
17338	39466	34125
56992	47292	19038
64549	36397	46983
58655	11752	22767
26329	21205	56586
6796	46727	58097
10617	16126	36096
62529	63688	24630
69988	62128	34254
23786	47454	42485
26594	30031	8479
880	59027	49684
56647	31077	54365
46148	11412	55379
35868	28115	49770
31825	68946	5521
8213	46983	38589
26877	53245	1502
26952	69988	37872
14864	28871	37526
33651	55427	17148
24746	54498	38843
9200	17958	22263
56527	67014	54412
4109	57176	40982
56977	47382	53462
31719	8085	40113
51218	50990	7909
51565	64243	9383
40872	56392	38243
67983	59000	32442
5677	14489	4211
9286	32948	53022
56094	10313	15456
19656	28660	62627
42351	12037	13277
44920	33607	24976
50541	16751	69211
40888	25982	52932
44123	62731	66655
19952	49	28883
4700	14146	63719
50078	43827	20813
61267	21061	50990
67077	14254	56586
31032	11133	65440
22876	27441	64201
50554	42403	34176
29141	4479	25657
39655	9955	49057
16899	57775	28255
15573	62452	22251
9631	39413	31971
5441	61338	54616
44070	14615	20161
55525	14445	57339
20279	36188	35740
23638	25939	27284
30641	58499	21211
48287	30840	65451
62095	40529	43607
6424	34721	54121
41175	30049	61117
27805	39014	40370
33918	66453	30861
53551	62590	966
30164	44923	22744
38171	6617	60
60654	28979	22763
14355	67307	349
33206	16382	47256
23272	27065	48604
22229	4793	39924
69400	11669	34474
1199	12552	8162
16507	17239	46976
22858	68616	49863
63354	43976	20558
999	46266	44326
27365	19736	65362
9174	52006	12440
14318	35159	55899
20789	63154	35301
37501	17276	30886
17791	65794	26894
51199	14188	43629
40445	8327	21880
46562	37145	14871
60336	27535	51419
38225	358	62444
37202	66136	39536
32131	44521	1129
28919	6042	14509
10738	67652	65171
3883	26877	4380
59440	61827	32173
10072	52853	45690
26454	63970	40113
21329	46864	48340
7572	40452	42558
17929	65743	17342
25366	16728	16650
66932	58734	22963
55738	29853	66491
47862	4589	28362
22612	52765	41395
57292	34326	47095
9492	13283	648
26195	52252	47445
43369	54330	30081
69677	21483	47480
3708	6995	48978
68963	29836	64687
12051	6089	39122
40028	48340	59072
55243	56157	35153
57778	13796	6562
62447	26597	57041
21973	53696	65255
23485	1287	26994
42599	5014	50161
55752	38608	43141
23587	46952	65592
44649	53798	23414
44246	48991	28115
31485	48201	54426
27856	36812	35625
63338	59331	8767
21886	32442	61504
15264	37292	54650
60586	14073	67213
39536	33517	3861
53363	34592	9645
69232	65451	28293
36190	60713	18947
2983	33651	8479
26066	45483	40481
44463	7546	33709
35654	17142	54007
52241	58008	65739
40691	19894	62274
39650	22180	69178
32126	32529	49102
6805	19777	46137
6001	56322	10055
24467	13353	56656
34403	60182	61977
5774	35883	23753
18251	9908	4302
32386	37701	21168
22809	61268	60392
39646	50731	46562
47612	32564	28683
3759	43827	58008
17800	46835	12175
18184	42798	27093
67548	32920	19656
69115	66815	22763
19970	67406	17115
18102	56436	26329
65925	6593	6780
58944	25479	56527
19482	3377	62661
58822	66453	43974
6938	34760	68336
50222	19797	32435
36816	48385	40691
53072	61146	5751
26540	36330	52938
50368	37064	55243
1731	24072	68246
10235	29723	21954
24285	41207	65343
10565	19736	57103
66491	27833	32739
48201	13255	7471
4435	41316	11482
6490	60715	44677
68749	30508	13990
48936	47639	41607
18947	38368	11482
45128	9292	35162
38451	56973	3407
22064	48432	26943
18803	36438	22453
55674	1259	57965
62862	57853	17968
32747	36183	62267
58136	54092	45487
31936	38446	21419
66136	6434	35453
50990	41901	1524
12187	39039	13619
4380	994	38362
48488	65940	18445
3446	27273	32877
54926	710	33607
60116	60157	36729
17332	38413	30655
64578	60406	26626
58941	54788	56245
59145	69988	5507
4189	31544	15723
27693	31721	32427
29015	19246	44903
52309	44786	22825
18350	27827	59607
51893	21219	54831
25400	5795	44339
9101	958	7117
16417	45288	59522
21144	48761	58912
65003	55752	61223
5263	22256	35712
28978	44332	34812
41007	5350	66583
42611	26673	8202
21830	14967	53341
35163	1497	55485
43830	60392	9157
59750	64933	32889
49562	14613	66060
49343	15240	66187
39478	63210	35153
12244	25392	9246
29625	14058	42643
68927	68927	52241
58450	41136	64798
23857	9871	42724
19735	2359	27812
49037	34328	41712
3997	9573	27613
10024	64671	54559
12497	65647	45026
23329	61486	2611
54653	41316	25141
62050	7100	36045
41841	38333	28195
55204	31821	62017
14507	26003	40940
27098	11448	38225
1490	59500	18579
15456	52363	22336
59081	47455	3815
27211	42615	37471
54612	41504	17583
68493	45421	64076
46904	64128	41901
61971	67796	47533
6660	63221	29911
16894	51191	11442
1074	47385	64304
31854	41819	17781
46418	33667	15867
31544	23728	29516
11699	54926	20460
36329	14058	40146
10370	65224	25481
38300	34613	62398
5909	12440	46369
65491	55418	52982
26676	25701	58002
42380	17645	10932
34406	6110	30348
4849	61208	54529
27456	58755	19171
67192	21621	23680
41548	26994	10072
20923	23137	37520
10244	58450	14445
61562	1409	23776
65105	25402	28512
56864	34943	33676
68673	38464	23605
56891	6843	26287
34529	67939	64445
65887	28244	56593
40066	17757	26801
63803	54285	42788
61672	6141	33643
64863	42548	15011
4010	57526	9246
28491	14248	684
40817	54291	37749
68299	10165	38765
2401	60809	28858
31811	36092	66074
52796	55959	43404
13650	6619	50863
41736	25686	23852
65940	20275	52517
27957	69684	19745
9770	7300	3741
56149	46434	4068
16087	64475	24605
68196	46132	44944
38303	27069	20284
42615	60713	22571
7224	39279	34812
14248	23443	176
1423	2226	52122
29579	62669	42467
60705	27835	6216
3368	37833	45758
20809	8958	58329
18244	55752	31784
62792	3301	40324
8576	12260	60116
60699	1721	23353
35869	48026	7635
6419	65814	90
46733	48305	67866
61733	20279	58724
47505	45330	65765
29919	37292	15941
31465	69626	59035
21211	23932	48672
51044	29968	3407
37075	54559	43627
12880	17302	23957
42079	1587	60958
6751	68713	14897
7126	12552	12749
16335	36577	23505
25364	31065	8162
10641	58944	43126
28512	51940	13506
287	10955	34456
10998	48025	17042
65771	17863	40818
51024	54170	67655
64828	29731	61954
58106	59331	12455
49668	41736	25520
13505	38327	5080
41217	64271	39225
60240	31717	5505
31160	21829	29516
17847	33618	33195
37033	48140	11927
39680	46313	56992
43348	47015	48361
7912	45605	62792
52483	38607	42955
53772	11369	30205
49141	48979	61676
12776	5438	11224
32288	23485	52193
29502	34873	67084
42012	27430	17807
24478	26877	17999
7347	40265	41036
28291	17239	33160
49284	37372	55617
40068	24776	56279
21036	45624	39478
45330	34403	61486
14509	17342	36555
27592	56144	41641
17718	16728	61921
210	34763	45364
19502	22744	51192
64742	22963	16244
45845	45051	58368
16327	25873	65954
25819	31281	285
34431	41712	19364
25904	51589	62553
60370	62885	13142
69626	65299	66853
5695	1471	68767
65639	40844	49637
36294	46686	38230
51025	28021	39352
30479	54529	13581
15648	57739	33906
15939	57091	40904
26509	62226	31077
67465	8316	10148
34717	46072	47563
38035	32427	8479
40430	18803	53072
37872	69684	35740
30372	55929	33113
56505	36850	62267
18652	63837	19459
67939	14254	15723
42715	41848	1386
30161	58450	53095
23597	32689	18244
32358	30769	33409
16858	57108	3610
52573	62274	1853
36433	17315	43539
37464	56970	16883
27911	7314	55539
41410	58155	18009
8240	13406	56864
14908	64025	18702
5352	32074	55674
57965	35103	37382
67646	15164	5672
48871	64933	40691
63063	36329	23505
20733	68534	3864
25923	30139	15513
67791	54616	41341
55392	43570	31706
25203	65916	65341
24596	22246	34248
5756	9627	37242
6617	59000	66169
54932	42351	62226
4563	51897	29474
30505	39664	15092
44332	6401	10108
37557	39252	59895
57775	52807	49284
37256	45334	27069
53067	48850	16126
5904	39323	29873
33250	36663	52562
49555	68168	44123
69404	62627	65631
52186	36294	56546
42091	22021	57395
59858	50677	30713
46642	25276	52301
24725	27791	10580
7507	24522	34154
52667	20196	63634
36743	41671	1213
16488	54788	25904
18521	62561	66563
53568	33251	29866
8266	65171	57161
35908	38843	19136
47685	11442	33471
57498	56005	64603
53544	29473	20245
12781	7793	58345
59368	44007	24746
20847	51516	67132
61041	26878	31893
2234	50665	67655
15011	8113	21144
67553	29230	38425
7859	30265	19835
9354	41976	21955
1600	61243	24574
35173	6012	20467
2008	36634	64933
798	30403	43141
42603	67091	42572
16854	13055	16936
28083	41162	59895
25835	15648	20600
25873	53364	40004
26697	16946	49344
36870	18350	30107
38339	60715	48216
57091	63382	49896
67557	7728	65814
62575	67557	16696
4968	35654	31609
12065	60122	25368
45232	27964	61486
35629	59116	49452
36397	63689	60659
49558	67576	26459
63505	13914	30559
30245	52505	51176
25857	18043	45919
68606	2764	60290
69336	67791	1550
54788	8141	37997
142	33144	16159
23818	27284	12216
68817	8529	58927
58569	31999	23506
7388	44791	3081
69213	51419	45613
59310	53063	35620
25276	66858	59977
49544	65434	2401
153	41736	29691
28466	1497	5977
10580	9157	45026
50447	50447	26151
10165	69988	22203
48508	59790	65524
36105	65953	10088
63976	5320	39014
21855	23832	9716
58044	300	47479
49719	24135	25468
51192	5953	23743
8326	7612	54530
41486	32207	10111
3409	56593	37816
3985	4036	54296
8890	22929	16335
57438	14782	34054
24522	26597	48095
33382	11442	11752
32435	5281	802
29171	67274	35686
47010	39459	2896
18565	34233	62772
34154	23612	17241
32063	54007	66815
48947	50598	45624
8193	27262	9162
47219	6619	12165
17950	31156	44572
56740	14926	17239
26118	6660	69730
35235	45536	33371
44923	63801	5959
52809	1530	68009
36268	64107	31665
34943	33823	63688
16408	22809	28591
15830	41317	2855
41136	6012	18102
19104	3391	19301
30083	38525	64709
31742	68493	44370
25530	12979	16759
68184	32483	45972
28752	34155	6569
52587	39916	67132
65693	46135	6155
29443	52310	6818
24811	45835	63375
43472	26118	40361
18504	6567	7623
43991	39039	34154
41115	6247	20525
41141	5140	18272
66770	46488	40588
60645	58665	8711
18374	38988	30537
42504	364	25755
13604	50335	61921
21948	28659	49668
69119	56031	41207
16200	20923	69980
66147	28886	10750
23414	24277	21073
24389	6481	53454
40666	437	63293
300	2929	17110
58930	10808	5505
35706	47850	3815
59116	35629	57583
12153	21804	8839
34248	1843	8128
50390	53568	48882
58807	40531	45617
15868	2196	28591
25946	8656	3588
30254	44959	37779
14433	58541	58019
68526	16631	2106
54226	32236	63594
36183	55946	27407
65867	34717	28978
18851	31385	65460
26878	31738	63018
68651	30282	12860
990	36065	63911
38865	49789	67151
15297	54812	54221
26602	38032	11302
6619	37427	37178
22380	47382	23596
48678	26762	38699
28671	39121	47047
34860	42581	21178
7233	65631	25939
25004	15157	26274
25755	56571	65925
15829	12084	9383
48874	7935	65079
8529	53824	16959
36176	50568	52497
65224	32277	67348
29984	30896	37453
61504	27767	60475
34260	53970	47645
45919	62687	54908
16542	66858	27047
46135	26509	67796
67307	61112	66087
46388	4061	59572
48978	55418	42942
52041	11682	34491
67074	57251	19132
7104	46867	67098
22331	23260	53333
62791	30769	14028
13959	58503	25468
39533	19132	364
13485	25711	22263
11865	41604	69115
41911	40648	43497
36914	63129	16470
55329	4349	18184
51046	59427	9767
11480	10698	65647
56970	29360	33817
56737	19926	16240
16159	41136	27227
7809	26574	12100
56705	34945	44144
39636	11176	18384
31589	63899	52177
19332	63817	28512
64721	40889	25468
68644	15970	8327
4686	61953	52298
9112	56582	11041
65924	44409	23243
1843	38384	19560
9626	59663	3269
33928	7543	9054
50391	12860	47514
21477	11927	7795
40294	1530	46712
37783	25400	61900
53447	60856	40414
26597	17808	1882
10750	29984	57433
39796	68028	49560
51202	69150	12542
28086	51542	274
45239	35060	51176
23133	10841	49077
57405	13159	69722
18212	52494	33195
37922	25028	49591
57824	39319	7104
69307	12114	24285
2611	56970	11985
47086	33953	13492
9084	40324	48015
53491	43472	58655
42798	57546	9643
35905	11029	14819
51421	9888	64567
37759	60958	25530
15313	65637	66743
57932	67127	58655
48015	5959	52053
51912	65630	20710
27565	1352	42886
13161	45572	18388
13176	26697	69525
611	11480	6606
59571	12179	17192
27166	67791	39179
11693	13178	9460
35696	2426	14675
66752	64238	38369
35150	16076	57179
28073	3985	47960
2771	58291	57853
30382	2241	14058
44570	57583	35620
34295	34406	28158
19698	31490	64626
65080	52533	56973
36332	35446	62297
31310	6236	26543
45630	16165	22763
46422	22021	24491
53656	49141	6929
59924	3100	42488
1408	38957	68460
43234	34988	18604
64562	50416	41399
26626	59618	6593
62687	29474	29472
59945	36748	68775
47533	45846	16238
18478	60773	16735
57248	65067	30450
13257	63734	27124
64671	31882	9234
47324	25338	21761
1812	52136	5101
50538	47061	29625
53663	47292	53130
58185	66690	14127
4299	29167	10617
17645	53663	39535
65066	69411	56974
4621	39506	69722
7543	33910	61657
67502	61953	21943
37103	17822	29984
28244	39426	28919
13721	56203	9036
23079	58227	34565
43138	10664	36046
64937	34358	14964
65340	6958	48432
63463	1168	43646
10796	45294	46601
33643	12544	46072
7795	43925	40367
57588	54879	7836
59304	61593	43342
12998	39936	8326
37492	69178	6684
5538	24711	16159
46132	48862	14982
32067	19492	4435
62017	5677	43239
46338	52828	28431
55624	428	65954
39989	65493	57432
3391	19104	23612
14824	47385	60027
49057	54518	501
64350	24531	52053
27154	20533	1294
38581	42596	58841
8780	16464	16478
33551	7519	23619
28937	8015	54365
2431	11584	5982
2671	35600	8017
57662	13732	46392
11553	31742	15939
40533	26676	51153
14254	26156	32462
47818	48736	52445
51818	45026	33215
69113	57851	10559
60917	24550	7935
47645	5470	1853
9138	52828	28291
50598	68460	57482
11801	19926	29883
7071	14603	65484
40717	44370	51788
66815	4510	12684
50407	38368	16335
10882	3440	38327
13958	48978	63689
47087	54742	50319
62955	40976	25564
64798	61849	6184
56203	14518	56656
10767	66845	43342
40329	20758	22533
59570	64669	41024
51928	38856	65214
69852	57909	6471
35166	2874	64576
43687	48850	1637
65637	67017	69251
44284	4700	1041
59515	28886	18859
2556	5695	32277
41523	46686	1927
1449	11744	5829
11362	63555	50595
1721	41730	8240
21605	15227	20192
13729	53330	27308
48244	42894	36624
56279	58097	17453
14268	22229	60
32242	34054	31482
232	42983	50801
69953	8902	2296
49975	48378	39039
8835	22021	4005
17294	44607	44786
52244	47476	26506
26151	12227	2150
26200	1524	51646
40940	15171	46552
10914	58915	11369
35079	47850	69811
57383	35283	10526
35950	15631	33814
6416	45796	34060
59790	8529	67564
13997	26275	67094
15164	33113	17294
9627	50788	27613
43608	23818	5985
28907	6202	66217
1424	42167	578
14625	23109	31592
3194	49797	27382
38953	45475	36176
15015	49485	7573
64687	51912	26559
19815	5512	60106
14014	68493	39655
36214	49402	60112
17761	54154	28937
61781	58187	16541
4648	25394	51217
37575	13257	52494
56019	23185	21985
54559	21477	19419
19607	45000	52363
15107	62096	44574
54830	28086	60112
27648	32696	47645
828	12165	69626
31180	25197	52838
58097	1721	11536
33195	8106	23957
46537	40329	56829
9692	7018	32797
40543	14819	50391
68696	39924	39664
54565	67063	43629
69301	46256	20314
4517	26316	7033
38626	68299	58822
36708	38953	58051
621	52407	27435
67866	28683	974
1213	60207	65283
12860	21830	7083
21933	16630	27181
11029	29865	28291
9153	30083	60577
36410	13958	8794
37034	9801	32603
65214	35150	38935
37172	41562	18947
18859	20930	185
64322	23272	27767
14964	49609	61188
8187	20923	53375
45000	65669	14318
54209	67192	15829
45444	8460	36914
35776	65908	1977
33690	32730	9512
35230	8151	16233
17350	50541	624
61873	18780	1600
2150	5324	67118
18373	68278	69231
941	11141	51646
25394	41742	47107
6130	25657	69980
9512	28530	4563
36912	22533	30662
67378	1083	12118
34813	16354	23943
30559	56144	15474
14488	46059	64025
65338	6762	68651
22474	10342	58086
35325	50598	29116
52177	60715	6495
58485	5254	28118
23142	14967	34122
28886	36641	59081
60893	16417	25857
629	42371	19337
11613	34529	18374
3493	14962	6490
68616	53970	7042
33604	69400	66818
3662	50078	61463
1758	11278	69194
19417	29286	64475
66769	14177	19387
30772	61971	16200
24142	69115	63148
64558	52126	43570
44753	60000	56810
32398	3100	52375
53232	58145	12069
64709	66613	56810
14584	51202	48162
24531	46211	25162
31782	63875	45966
44359	47696	32542
58725	5386	9286
44667	20161	42221
25428	47818	57176
34988	7773	3270
14247	5352	38300
3848	25348	15343
185	20668	12683
5515	42821	43497
62772	9767	63896
52134	1004	20410
7891	13072	69666
65973	24025	42788
35788	17164	53798
38685	43869	22895
45421	35302	621
27767	37628	11628
56165	31267	23266
54962	12214	65969
7117	37501	6614
28455	24624	62452
7007	36130	4297
65049	31589	38968
684	13042	68476
55044	31688	16358
40948	27501	8835
42769	24274	22612
22614	9410	33478
33171	46913	39328
21467	14194	52257
44231	13492	51320
10018	12777	20758
38446	20525	60112
3500	69836	60930
6134	33822	13039
39177	18355	44702
30255	45366	3815
15050	15984	27154
19136	16470	65592
69547	44724	20847
16863	49077	42091
5512	42280	23504
36547	33250	38986
6606	32509	31109
53389	52818	32493
67264	34155	6314
52375	38626	18338
65282	11029	59480
60027	45337	8811
37488	59465	53153
22544	8071	44923
27308	49768	27811
65007	29515	66462
43869	1723	59931
44204	34060	37739
10808	19347	38933
9064	4008	56021
27435	66438	46913
12109	46684	10490
8171	46072	43138
45475	3519	56000
44607	24334	23160
68587	22825	46198
36780	46078	62150
45302	53294	65237
15474	38765	31719
56091	19000	26801
23202	27204	37914
7798	29515	48040
6154	57739	51358
10994	1362	50003
4349	48216	30474
47774	19745	38289
39623	11868	57520
11041	43991	32493
6068	47397	61571
62966	51324	49861
17241	26672	36413
54738	30684	53086
19914	45325	27583
52086	10891	11699
53462	62955	20758
32567	23369	56352
37530	14594	50515
45918	6233	4148
69412	23587	58381
43477	65987	28754
50721	46266	48767
34763	29412	49150
35600	45150	15365
63626	7709	17800
17797	11553	40644
21420	53767	165
8321	65969	14188
25889	60268	50928
40848	65284	36864
47152	25279	30164
56606	2855	26552
20599	17179	52124
53828	23344	45501
27262	11786	13914
28871	53793	6424
46965	64578	950
29631	19415	22229
60269	25746	44440
59805	27166	30405
9643	35088	16530
53888	62529	24870
47480	54950	65807
65765	40039	68336
16946	27928	20110
24889	58025	6202
21263	66136	20737
39893	63050	47962
16728	31495	7115
6944	37868	5961
4510	53568	1736
59328	29192	1526
42186	8656	4368
195	8326	51024
45248	54215	62463
47051	13650	3958
59168	49719	25530
20495	37295	6297
59356	68905	20460
64822	48232	47288
25647	12628	25571
6818	55957	26029
58665	41976	50812
16759	69386	52836
52634	9364	61621
49356	21366	61225
64303	17194	54849
24925	19525	63998
56066	7092	41169
37189	22209	30333
65541	11096	50891
7612	32941	33292
28912	66307	24925
24253	69386	34326
36645	23729	37501
54172	50702	28347
41703	7793	21061
61168	43830	13914
60850	20196	60221
29839	64325	52517
48219	1264	62226
37320	26239	17587
12594	20923	5567
31267	43342	26298
2567	53544	2683
66026	22331	8106
53082	46369	30031
4479	33297	59135
16233	45738	11721
44965	53063	13026
32706	48040	46661
62389	13959	29853
46983	63594	35159
39135	42085	16854
55569	12555	41155
26685	40113	55145
54458	58086	66707
25383	67502	13430
65184	29516	14153
57395	63097	65344
48987	33161	26096
49426	69362	4068
68534	69283	37843
59480	7300	37382
69962	27093	61900
19014	897	33111
40256	14254	21349
18272	14689	15297
47849	22824	53130
12493	20809	62389
27030	393	8207
29826	9925	13981
5080	29103	33918
10111	56546	21320
37966	2148	53992
36687	58716	30612
5140	31316	5909
17042	54387	53708
68431	25276	57757
47067	4010	17861
14173	54246	48432
22827	33250	37225
60084	42821	16842
51795	19622	56005
18069	11909	56008
69210	54606	64626
60856	66105	58705
48397	32542	49421
7810	42894	1423
41994	69210	65049
48683	50259	38600
68002	11868	61575
44521	13485	22946
59265	40940	63634
54121	27273	42779
61791	15867	58272
43374	52853	7347
28641	62096	42351
691	58817	1359
17822	12386	4109
4170	40889	34717
64693	18806	28301
60579	67655	7004
6582	19875	69999
47455	3270	56502
34721	52295	23109
57609	11224	65192
58353	30838	1362
54062	18652	60059
68336	39388	37872
22627	1200	33386
11787	63549	26111
51516	24770	40888
36555	2064	11482
58773	6915	52739
12707	26674	34306
65372	41162	61753
918	60336	49536
157	17241	61243
994	10847	10914
49402	8870	67132
28302	67213	69377
47385	39664	56066
38408	67865	38607
32498	5510	22707
10768	60157	62637
36864	68636	13106
42906	58044	15660
52954	37178	58474
22634	68473	18565
46086	23131	1490
27577	37114	7529
8647	69891	61849
29194	10980	57498
19156	6419	52400
35795	55481	27565
1426	29507	14509
52408	35654	19821
20719	51778	43570
1858	46572	49344
18384	26228	19698
28659	43553	20668
13055	16655	30769
65434	62637	55988
32647	40176	39533
33428	34565	16603
4786	31435	29505
68034	50541	31999
42724	49933	55617
45891	14433	56351
11096	16925	21839
35883	8711	17684
5618	69411	60159
4797	63148	46965
67700	45000	58968
19415	21366	22339
21389	33251	34060
9601	58886	8811
68476	64648	15513
6894	61283	40370
60700	31156	6370
32470	19666	14252
29317	42655	19799
43961	19419	5642
26386	3588	38243
28980	6714	46665
4473	17042	8267
26459	60930	64549
34899	32105	52088
8155	32573	34456
64354	50554	21121
43365	48304	62226
32207	43991	47850
45605	55933	2413
65030	63634	4913
52919	19894	3708
65341	38505	39110
29694	60828	58663
50941	41405	10111
67405	60053	64152
49139	28158	6130
20228	28912	53507
49661	42329	21301
65772	5892	60893
50321	6012	54258
69608	7623	47025
46303	28065	59072
12610	46172	56769
43586	51087	9234
48025	20245	60600
34597	30971	38699
33316	59027	67939
6995	2249	59987
1004	40452	19255
59465	25400	53337
34844	60333	54559
645	32386	47061
2920	12497	64687
25199	29826	18796
52932	22744	14408
64128	44865	54309
14550	22930	11482
60958	39655	24925
3815	53824	29719
45374	40648	11376
6468	50836	4793
45117	11926	59722
10108	63432	56013
42421	24285	44724
22622	60958	29631
17107	18930	46727
41413	51378	48078
62497	23445	31811
52122	45845	52298
26943	17881	48049
21985	16461	16110
8392	35251	63677
39413	33371	49797
31096	67500	66444
63282	62575	13107
27400	65484	65757
42372	19321	22858
52269	23134	3377
66904	15140	27103
62583	51831	40361
48882	24274	2226
16696	20719	30349
5985	56483	26745
65630	67834	59189
182	34803	21973
27501	23274	67021
6089	54177	33922
33906	66088	48877
5388	52252	22821
8178	21317	54209
55320	45903	40922
58167	18865	46741
45471	34150	5212
45450	17530	59344
49560	67804	16358
32674	43679	58552
52252	23137	32168
60112	35788	176
69989	3407	16728
17741	32593	31173
57176	38052	56457
53928	11442	41529
20811	63770	9955
26087	42280	53330
46111	49314	46086
18267	51565	1294
16358	61470	44594
68775	42012	32953
44916	15970	23162
61292	24417	1723
20533	51210	61434
20525	62448	22824
63911	25266	30235
40497	64713	6751
38957	51589	35212
25274	31316	21804
49982	69738	966
53607	25504	43190
7175	30764	45426
49482	27430	390
11669	12749	33273
30921	2929	56431
63018	62599	41696
38776	8312	34721
38370	38966	11350
44233	19057	26266
48162	69478	8071
33409	27565	65990
65236	63223	58136
23730	63525	61753
54252	66466	3604
66776	22453	3596
67361	60187	60400
37868	8894	56288
24574	49684	14779
49509	32483	6684
59977	44566	38225
27604	23171	38765
41570	8909	2384
3270	58734	55463
45904	48222	22841
31111	62743	6775
21893	9716	31073
1399	24889	13430
13894	61853	25004
25266	27811	26543
31369	66776	33651
58327	41779	39950
37506	49839	56619
63619	49560	24817
57739	51891	57319
2296	56669	29103
39936	40091	53251
67348	34338	64178
34408	46727	65451
4676	25701	54062
9623	51684	43586
52828	40954	10813
12020	4108	42552
57390	64152	35325
61247	39865	25530
59037	14292	15468
1637	51615	11366
16692	21108	1294
8158	7855	50722
32953	13645	19000
29303	44338	42466
20093	16068	49197
26958	902	30886
5746	8479	28086
29865	63844	17192
68828	42421	9270
19560	11377	58119
176	19731	14923
16735	38685	16238
62661	7529	26602
12114	69891	41529
53793	52302	50504
32589	51331	36947
349	41399	36816
58716	58565	12261
19273	67467	25746
29676	19038	32997
56341	65132	22723
55929	58025	15904
15899	48160	16382
64539	14248	7100
22306	26756	3446
42835	8097	23605
3406	50877	7441
26111	61558	58329
45032	69531	53130
50158	63313	37526
56768	61434	4738
30218	61464	47174
13990	65460	25083
55974	51799	61470
3519	39812	33181
46043	67132	37997
49056	43510	3610
39170	69626	58587
69718	17239	9512
8958	66087	19437
44185	60809	25176
49125	645	36919
17255	6643	2249
33459	64309	67378
25571	22868	1199
50145	35706	45325
4792	30459	48216
28578	27249	9218
34370	11056	60108
48432	30081	23006
16782	56977	3368
3685	60608	51377
38681	56978	49719
23266	54296	22444
6401	21917	31930
43352	6297	60726
30886	28408	31167
68388	11868	60515
59663	50182	61953
18750	30482	42816
16339	65049	34553
30511	30511	51584
42805	68476	63844
51327	29461	49041
8741	14617	69124
9919	66840	52932
52950	45192	18604
39962	64487	9913
21024	32057	41848
35876	50303	28108
5281	19502	64626
41286	67077	4738
56640	12763	33651
65284	69988	29074
31958	50003	52836
69150	62226	8546
5567	33618	17255
62370	28261	6852
57784	12786	33113
46702	67065	53409
66215	45844	6743
59877	32889	47445
14951	22363	15231
38234	42351	39963
24626	29178	50147
6306	65498	39014
1376	50836	52363
19983	32173	38626
49781	2408	41027
37951	17636	63348
54541	21523	15107
32258	14352	65420
56582	63293	18717
11369	7975	62586
16375	20633	1199
49819	68278	35012
33198	8240	11801
39388	49704	7901
38699	40940	30936
37628	17906	52954
10758	57161	23852
58041	55585	15227
69946	56864	20998
4036	33380	29083
42135	25052	33251
37551	19174	21074
42694	36864	28689
46137	42167	41155
23369	8767	33575
22205	41136	52851
45928	12129	12926
50319	12006	17822
27441	59081	57251
3159	52838	49135
66025	63766	966
51919	59260	25999
43985	12037	28600
37382	15227	47341
14902	13023	48025
45618	50319	28276
56274	34763	55812
45378	43553	7529
23413	15678	4581
9234	23360	58389
11764	45491	26500
11864	38362	21334
13137	65341	24960
54246	16782	16728
37701	47766	41530
44851	40195	5014
58381	6434	34341
42488	19875	43646
64408	56066	48162
64877	54938	42642
30041	37257	7836
40481	33371	20803
65953	25704	7104
16521	4108	22758
58499	67251	16759
57520	33673	31589
20664	43041	19926
137	285	55276
50147	50996	59987
27833	28673	23597
4097	1882	12664
8909	14603	46388
6314	20989	1421
66405	24531	11985
24589	32889	53240
60981	38505	31602
33673	30139	48114
58373	34591	21042
64388	55284	12325
23619	13795	45032
59895	9138	46692
21265	9124	61657
11901	62463	54831
53762	5692	65814
29461	34187	20030
13202	59081	57338
61735	22946	17807
24817	40332	19254
40728	3588	37854
61248	69213	23743
46727	25180	14279
23516	4738	49789
30545	26952	50514
63148	64304	14603
62798	8372	17500
29230	69988	4688
47038	59945	64322
60953	38461	49560
44440	38413	58795
37713	54112	61657
60053	34456	25806
17293	52053	41155
55556	52289	9485
23004	35150	21334
30229	51818	21504
56021	30081	12084
51683	17457	69232
23981	17516	56797
1129	3159	56848
37526	6365	19038
9913	29731	65376
65442	45378	49326
56974	7233	24322
21202	46021	7015
67460	3958	16937
44385	66840	44979
2359	64276	21708
38912	16883	8443
29124	54738	340
36682	48874	46642
45522	66294	21320
23151	46615	63688
28981	32647	26812
61571	7572	17312
62032	39419	10455
63415	52126	19136
19483	50321	28535
65215	55933	29367
62410	53019	40764
52289	3772	56266
19736	18443	19301
67127	42466	4969
47796	68636	21539
16631	31893	14409
37786	25479	48114
16701	63383	51565
27910	47774	50071
30019	2920	47696
56141	7848	17293
58993	52708	691
9108	58944	61711
27124	43570	48678
47794	43141	29395
37167	59310	7740
45847	56974	20415
37471	51891	54377
67303	44185	15560
39991	47617	56457
12786	38300	18282
16883	13106	51897
66743	32941	37278
23390	57318	38362
6547	15011	16863
53832	17452	23638
30710	45850	41708
24159	26877	56647
2790	32489	23920
10220	54981	26195
4562	25608	12998
15787	46537	69677
40588	18244	60614
42383	33592	32920
19777	42603	18704
65498	51893	46666
55602	39786	47850
40897	60149	56737
47956	9254	23079
10425	30509	48804
50156	49119	28141
5324	8202	32037
50938	25881	51270
10833	24135	36687
13676	55392	8145
16344	25638	4686
7635	69497	63907
19082	34336	26934
51992	25857	51153
42087	37480	51324
48078	55190	7709
25770	50145	20161
274	44112	45776
38758	31122	46859
63875	63719	14135
69692	29178	16110
66690	43733	16927
41720	11764	16927
24829	23286	14662
47445	59571	65197
2764	47454	49969
5801	15995	49034
44724	54252	19821
52407	25912	42230
28408	32778	33517
13039	15867	18242
49371	43608	41024
31031	37603	34129
10254	21731	22276
1120	61791	11362
56966	42894	64152
3905	18865	53684
13009	43784	59265
2349	19301	59964
27407	60041	29613
40905	5905	8670
47341	31399	34338
14058	54875	4883
36776	18242	18883
26228	19477	46614
44702	59945	26365
16603	65338	52614
8767	40414	3519
31104	66818	21846
43976	8798	57198
6614	28591	46654
46830	21074	63634
48140	6915	9459
16198	51653	17606
36171	21830	32134
52076	59102	57824
53245	66750	45605
51198	31122	5212
11482	39664	11723
56127	3731	26298
62637	64020	32502
54610	21380	60006
67762	10998	59945
61243	26877	14127
34125	1595	58773
38305	38408	13754
36222	48882	11473
51687	55267	69718
31665	38986	60185
6155	28950	69244
35573	5603	29286
859	13369	15207
2259	36857	2413
63388	7975	31850
44706	38791	53258
44959	50335	16174
13778	54303	4435
18579	56141	42421
61558	37480	69124
12072	44270	32749
30003	7685	25701
29116	24605	17645
18388	28919	36189
21852	33988	7033
28248	18197	24379
53284	28718	14926
24537	11792	8213
20415	22180	28122
42526	46572	25835
48732	54094	64056
32134	67259	14028
54346	26597	44753
18702	40129	15830
45536	9451	52982
4179	61977	64693
69531	31936	32489
43872	2137	17847
27586	61562	1493
30655	47015	26003
41663	15142	57487
16959	30517	42778
17516	20279	44622
58155	300	33922
39511	26319	52088
62627	856	62167
53409	35569	49940
65196	43586	300
63237	22277	54812
18824	58732	33947
22806	55243	52739
27004	28980	45192
18717	63186	9913
28551	28276	38765
42997	44847	19525
8817	50938	44667
45738	53970	10111
45149	54330	41708
15943	43436	25538
48604	37833	57848
953	5510	51831
64150	67063	64893
63739	22229	28963
52575	5695	22180
31482	38865	67479
7546	16155	54812
51940	21364	4766
34489	52624	11224
13653	35600	50999
67065	50836	43173
69244	57631	621
48697	23004	30107
13495	14518	19428
3998	61283	28526
40353	50195	40543
27052	33160	23402
58291	66327	15951
36663	37055	1029
28862	24192	56457
14127	10287	24926
8277	14967	7301
35153	9801	18197
60762	36329	49434
37233	50145	25881
65014	9207	42877
54170	27767	7909
68365	57103	13012
55302	42280	57909
54112	29507	41283
23058	52982	21074
9410	23358	49234
65459	15678	64713
24491	12032	61167
5603	28455	31544
19057	53767	13361
37496	16344	24716
15643	2745	19802
66088	38305	28978
61330	38408	23369
67624	24947	45098
28555	40119	24596
26580	34837	68916
38026	47063	61168
20196	11688	61329
65739	54646	4769
5607	10839	44302
8327	3189	43477
25788	24971	55585
49161	36176	9716
14613	32920	7022
17906	60347	62226
59135	7100	61225
23738	300	30068
22723	40207	44702
50788	30068	22929
20930	24103	44284
5706	62176	7635
14122	48628	28689
41650	56038	26134
32484	34431	5973
7864	539	62861
55195	36780	56114
47015	69244	53663
59343	3493	27154
27928	34592	39155
60608	64549	67416
60798	45919	57487
30531	23895	42798
16165	46388	69738
53428	9643	6325
28016	46696	4211
56656	41155	51516
17587	46911	12628
51222	11182	48804
59335	47061	59135
61805	69730	8277
55696	3958	20280
21982	38446	11694
64177	3388	24482
18780	23413	2064
46064	26962	60773
55763	11360	58474
14347	4259	31968
28660	60713	30333
16368	21483	37716
4038	53908	5140
66354	64877	39319
56644	30851	5892
44541	43925	35950
39050	44440	69210
20487	10250	12440
32251	39526	53843
26994	56619	44009
28883	49056	25520
23026	35215	13650
9383	33953	63660
41162	27811	21852
39668	9410	22533
67213	30049	30764
69178	18338	25139
51278	49356	27407
45510	3953	55131
63296	15092	34881
40045	26760	57432
5939	32563	1660
31688	49827	51919
48959	67545	44204
22771	36329	69946
33030	14033	30507
54569	18372	21318
10062	24489	56593
25238	67264	53491
6216	58318	9485
9054	31745	54172
32690	47630	44144
39662	24403	18002
25119	32130	56496
45554	28187	55014
15410	31430	2683
7018	32730	34352
364	24522	5735
43224	9165	52445
35054	38168	4302
1186	58734	29723
53053	65171	23187
33823	58119	29236
2855	3024	36096
43249	28980	36125
35159	9207	26190
56546	45288	14420
5220	67091	42715
65757	6089	48154
27474	57103	50693
29761	21618	43925
56013	59035	36776
21248	3655	28723
54303	52866	61442
15542	46031	14908
21928	41317	40430
45599	8452	62328
6118	40681	49839
50813	62237	68600
37453	6350	13145
38935	64603	11677
22639	50071	32682
19926	46266	11278
61931	26239	5915
48887	11121	16159
46692	48874	60939
28470	3848	21019
45815	41562	36878
44112	14433	8392
5642	9054	32207
4148	25905	38860
33644	18355	31052
48901	35446	35960
4581	49591	34254
4969	21073	9617
31826	17342	43365
27964	38107	56848
60305	28578	56266
32502	58655	44259
67283	40889	61223
43190	17315	52818
56754	60000	19477
68278	27694	63575
25564	26329	61117
17939	45847	50411
49118	50913	38177
12901	3042	5977
45690	61781	49562
19977	56768	44714
42466	12776	34529
48913	34241	64957
4316	15943	10748
2293	58381	54945
36379	38785	13220
53205	39074	39961
58724	47438	52122
69124	28523	65215
9727	61248	65916
13984	19038	45057
1853	57907	15999
54952	64693	33011
41541	52011	62523
16223	46537	32270
2417	39062	25520
33306	67700	21523
32573	25835	175
58086	35833	10210
59260	19014	40481
22109	67722	53365
55617	5455	539
43250	13914	7737
46026	64517	19845
25481	5365	28115
7836	23443	68473
19072	52921	67954
46938	61430	1987
5670	45786	37471
51589	26459	30638
6233	51829	69915
21539	65344	13619
43627	60091	24389
11351	8912	64556
65420	30507	16464
12970	48095	46313
31971	37754	32067
37503	61188	44868
8159	14229	64121
21708	24566	12079
37168	49333	6567
4438	23808	33250
57987	40091	14277
52364	5507	7572
26506	16226	41378
17194	7836	31104
25468	35453	43733
623	5892	6089
31435	13073	6140
15951	41410	42855
7013	13641	38380
13142	17192	18803
56117	4008	17767
4454	54508	13055
36337	47576	47645
6646	57784	66691
62176	67973	31173
66146	25819	55418
51533	53375	7793
25338	31971	8839
24026	28404	40897
64115	53708	41607
49575	27911	61558
58768	45815	1423
4983	22780	23445
4252	51044	46537
28404	69412	36105
24295	48732	53824
26315	55504	6684
47830	44848	17057
16226	63338	29323
34129	29367	57814
1358	69265	41395
19419	157	53063
33607	65916	37701
54054	36130	65343
35740	33814	41836
64597	34054	58353
59233	30532	61562
68427	8794	35079
21911	26246	8801
60406	63739	66619
49346	19560	63063
11151	68754	34386
7803	58944	53264
60980	5	46792
16163	69836	24509
11274	54559	25348
15683	67305	59571
4213	43234	20533
45592	66293	26577
53641	42467	39039
19004	2413	45444
41996	29083	68298
8711	6350	23377
42403	50182	45504
30594	6325	29262
46695	15173	25804
6562	41090	35251
20474	31719	60350
38505	30405	23638
17337	15723	10949
2814	21205	57784
34504	46615	29200
68891	1362	52845
29613	39290	57405
63840	33031	23786
13490	64873	12887
12325	40367	5904
38968	29141	4915
43622	44521	25788
18182	9997	38107
37854	32920	65794
46072	52460	37145
34592	880	67336
54548	53365	38699
29282	10748	16375
54849	47563	22850
69251	13092	5618
6593	67553	63710
20739	40640	8685
67545	44541	19815
4883	4956	38065
39910	1264	28122
10412	35821	66136
9172	38464	34254
13394	4189	14603
20737	44575	390
46867	23786	24066
35155	45418	8326
33525	14355	34156
14766	21504	15899
52998	57824	41562
28202	60614	17452
49427	14409	35404
54365	43250	67326
42924	8798	28180
9573	56971	53364
11566	62862	17808
5859	34835	30886
30492	5915	12072
28707	50913	39388
69994	65124	23680
21846	51483	16824
8368	1235	15560
1665	18444	56533
44537	55173	20764
22651	437	23512
7975	63423	20386
41529	14254	30531
14600	55696	7898
55485	27833	13454
24918	3748	46741
41790	20719	46913
10450	61724	11669
54613	55131	35928
4008	19910	2570
64556	30655	8600
64107	40028	52124
61594	55280	62586
51424	38177	10072
53045	61811	11785
45786	20633	44123
61117	24208	12414
44661	63237	34075
34233	37281	3473
57466	46884	62458
17276	8171	63259
23920	644	5947
5186	4838	64957
20803	11498	52998
6508	54571	43100
47864	45421	19821
29873	51873	24829
62893	36595	41166
32920	4039	35153
1706	18579	48752
25180	69677	62128
67230	8267	32343
14775	65987	10764
41696	58291	59285
63210	68299	15107
67804	22751	34295
53748	63625	34122
37458	65630	3659
13361	24166	41413
53116	16577	4435
21507	68352	49704
55349	67553	48979
6297	59135	40091
16824	16925	61593
27065	28455	11653
23016	33817	2630
13249	10165	62561
41081	51024	19894
47521	54309	66853
20224	28963	5281
64669	61348	32656
69231	2748	13606
20215	65887	14312
32542	42230	25755
13047	14433	44134
26947	1987	15087
25520	11278	34873
788	40264	62428
63970	1524	37868
4688	27456	10698
68787	11274	60159
64603	60746	40195
5763	6898	46654
45086	68177	34352
60600	45822	15095
38545	29694	65750
8342	2652	65814
58301	6995	3741
9292	7543	45239
21670	17442	20977
66560	56168	61314
44370	21263	3830
56060	5670	21940
64169	7923	21451
66858	12544	61249
19669	9451	21318
10903	6689	50335
14803	45632	6471
51191	27613	64877
62964	65003	41870
48229	44714	19926
45063	29625	24117
26982	35151	36188
1191	16507	6747
9340	2431	10940
36324	31696	9997
47660	13012	11351
13212	3767	48736
47764	62482	29474
6901	68008	8780
22525	46338	19970
15678	21605	65964
27227	53608	42087
2409	31002	14177
63348	60290	65702
54491	31156	1592
24128	40497	47038
44583	8151	47219
62561	64115	18374
2606	36379	38545
58272	17451	60166
28079	19797	61153
6668	65340	9410
8587	13650	45140
39115	232	53333
38537	19730	39968
68946	27166	13178
55714	53406	52445
13736	3985	38865
49954	56097	3864
32144	42186	11901
53843	28663	18355
50889	46422	4380
46872	35088	46614
59274	4448	44959
2683	38035	57919
7935	33459	14489
32948	53040	34837
52455	56247	36812
6251	9142	38226
18848	51781	29527
17895	12392	19528
32697	16293	21928
6843	12646	43687
28068	51248	36933
42169	48037	32108
11843	8151	39413
19827	11744	56008
46730	27004	57714
56412	4435	49314
61002	28963	19437
44302	53641	14173
34712	50868	9153
60577	38589	29461
10955	22109	24209
10740	6236	61208
40716	28981	63048
59524	18272	27717
34249	6350	62482
2416	26816	39415
67309	66453	54177
26096	5706	11677
12607	7507	10200
17968	501	58697
26267	54121	42603
38716	14073	33848
68008	68473	2683
39225	24166	45891
44001	48901	12607
22758	16417	32493
29323	43705	57819
25881	68828	34161
53952	26892	55812
61167	28168	24025
43173	24334	7033
33215	20525	20460
15795	48874	51500
55000	11865	50182
22744	19994	5977
284	59440	38451
32057	22929	61868
34964	2556	684
15660	31989	54240
3724	798	31942
46016	63907	63719
41199	51646	24746
19174	53708	25630
61442	61753	24725
56351	45572	29613
8133	16155	12368
22411	25368	46661
15411	12594	67463
62905	51508	28122
43239	10210	40
52193	48095	54034
5777	63689	53507
39442	137	48697
46198	9288	53952
57487	14594	61921
15569	10088	28007
45026	25366	29015
8902	57292	65887
24635	69412	49667
58119	10580	62173
46976	46654	14005
48137	11801	52753
17335	47454	11141
69836	37742	34358
63627	29395	56619
20668	1666	20095
45681	349	31370
68199	8541	45393
49038	63492	13482
51799	41036	40543
10252	20464	32689
1200	31156	44371
53365	13736	9503
29902	59170	29631
5711	67828	8178
42643	62791	43679
36748	59977	48244
3219	63660	42694
62501	5220	52796
50294	30265	39910
58690	52853	7519
63677	65460	55647
46952	67063	7810
44979	21921	24209
63601	5953	62448
51897	15435	6398
47972	51044	11901
13937	45487	63313
59868	924	28526
29395	14806	42544
33814	2671	56436
28431	31784	41530
46030	54646	45663
55196	12109	24943
44786	39062	29262
529	58575	29238
38600	17350	13958
29295	31399	66314
68108	26118	10163
33251	23413	40889
14776	63148	4517
52011	23629	39225
51445	20813	33292
64178	24596	12325
57969	23155	7836
36401	65344	67106
3013	57688	19156
20900	59035	3081
66652	63619	7728
19512	49659	56712
66293	49485	26122
22862	50813	57635
63549	26267	12109
66105	63129	61797
49637	24960	58762
46114	36850	12421
39890	22483	11665
45744	55714	40028
45501	34562	54092
56366	28141	47330
393	65932	28108
4061	27694	19000
27067	14146	20038
53684	2570	67576
887	4913	25274
63219	9142	53410
41605	63095	8235
45739	44730	61575
53672	10425	15573
60077	45150	43014
50996	44586	18565
4328	11533	42167
36092	59481	4962
15181	35896	26384
4448	2920	22297
56684	41117	16899
11723	34352	47309
13648	1542	60953
49602	15343	57255
36189	3863	14352
13406	25348	31968
36205	36349	52053
4211	62585	58019
61349	36031	35629
41283	58786	48646
68407	15898	23505
65230	19528	27186
52126	61435	24550
58368	66074	43608
45491	46867	2008
62128	27592	53116
57221	62668	49774
624	34117	27098
23358	24250	23390
63551	21846	16650
37236	31784	46884
36558	32063	57181
29473	48882	20737
13472	39466	61440
44263	47563	14489
44940	50341	38765
68009	7092	20110
6780	42779	13283
50058	18859	41395
35088	43234	2008
68101	21985	35389
38132	65094	40948
15677	26454	4688
31156	42298	45835
46647	26812	48137
53153	34676	51877
62590	16630	9871
21735	35960	51565
7842	41730	66354
40648	35469	15982
2196	24916	10415
49153	52828	651
3551	60347	59514
12368	24266	2709
65589	44979	17791
18610	57251	10698
56231	29729	31706
47630	14584	49346
62150	39063	16655
41607	29731	55037
25543	32144	28978
18704	58841	65639
50335	15995	14682
38177	40904	53727
1526	52443	53591
4753	67983	16936
4307	32920	56066
24277	64539	56040
437	49591	9888
17861	24550	6365
32593	48115	10200
10818	16057	2241
28118	41996	23344
55276	43128	8281
578	59081	63707
17577	34386	19082
40529	11224	629
13023	53708	10891
15760	63682	22707
31518	51891	5388
10080	142	46488
14594	2259	69391
56015	27430	42877
17460	7925	52753
32809	37041	8573
24630	2234	42997
11532	25916	9494
53798	3997	41836
44580	17934	45364
54646	21486	6202
48026	29167	39989
604	58705	35163
3081	29139	28320
67428	62458	10490
53696	23185	32818
44770	46702	64798
25912	48095	44869
8465	1408	15303
4098	19592	54962
7471	69182	50905
17451	28578	4108
13277	31742	42094
38127	62447	42611
59142	68177	30470
66583	51320	57833
63817	17895	941
21958	13994	55186
35749	61002	28883
22690	34054	33816
20977	12109	29731
61012	9853	59497
1029	15868	38231
53547	24960	63463
648	28526	64364
43142	8656	22425
50259	55539	3337
53341	34752	25028
50195	2929	13177
51891	4010	24088
36850	74	46976
3100	31485	55554
34921	19564	8097
15280	21928	20283
53147	62529	60149
33709	49346	7546
50905	13277	67000
55304	8656	3024
46174	39526	12118
11665	31536	55946
60867	27284	918
69362	31954	9084
66444	33102	46800
20688	19894	14252
35039	42849	55812
45796	61465	31829
18445	54938	35756
35218	36661	32428
48385	12037	7911
22311	20308	60850
37997	44714	16174
7782	11665	45919
14527	529	8460
31281	33922	9162
32528	25857	8790
6325	9563	23937
31893	38758	13012
911	22423	53737
3324	36739	40872
54046	52302	47532
9485	4975	45928
63223	27057	17451
44749	68365	54155
63050	55727	36645
43843	61223	31430
63095	50422	20120
66187	3958	15664
1575	36878	52399
4540	14962	12165
5455	47409	19528
8306	8267	36125
20009	7864	24250
50795	27249	2874
40855	55530	37557
11798	56821	15181
51492	45140	50391
41399	13691	10750
651	41819	34489
24250	8187	34565
12683	1592	30229
1592	25238	23832
43678	28659	38231
67014	37041	48037
51270	32130	67044
65875	12611	5500
30736	21248	17573
23505	32921	32809
33299	53788	40691
2157	14682	9054
42894	15050	37701
23610	6668	39936
36354	39662	8057
41341	61285	5961
6793	49153	31303
61657	12607	23016
22263	26454	11566
32173	8890	32809
47061	62428	41530
53040	57248	22425
59618	27586	35678
23187	68299	41907
39430	13073	65197
45426	67405	31104
33181	31853	13836
27697	51210	37746
1723	63282	66301
5543	31882	60699
8468	36682	31930
2817	48874	30107
33817	27583	39961
15967	7517	33791
40428	49485	61248
1882	4135	47406
31604	56440	36248
63963	24846	10980
56709	65080	8799
29205	58185	25197
64121	12216	49452
31167	62610	30049
28718	63710	34613
67655	11278	34293
8656	28512	55037
26922	63746	23895
41976	45057	27824
31052	28115	69658
47382	16235	68429
40264	65886	4962
10109	68352	67077
8366	65003	31677
27017	66858	21731
28255	46733	6274
14871	284	26275
66049	19321	64107
63356	211	54007
29178	157	3251
45483	22771	1004
47785	39115	59168
47532	51687	35813
42621	67700	5909
40034	44916	10847
10552	24918	9364
43016	39062	46338
49704	4314	50731
57833	5089	53337
967	53363	63220
17142	69377	7013
36411	51239	40
1259	60077	47774
11350	69802	5324
4748	67865	63970
31738	27835	3379
13073	24240	57520
13072	7238	26029
61434	56829	19680
19242	63660	31221
30840	4753	5101
58038	15999	5735
48232	4007	48162
62707	38912	539
64576	66169	49161
53827	19560	65498
34054	64304	60347
35343	18579	35920
41166	14252	27501
61202	37236	55276
15240	21024	13796
33676	29200	25828
10200	34129	57969
23274	49193	7737
25746	38225	7301
67305	648	52381
67640	49659	22263
66819	34150	68199
30235	65079	38897
4635	5326	57895
49491	64558	1028
25139	56737	22533
41682	6684	52394
63375	54154	68927
669	18863	59356
5350	63492	46135
38900	17335	2417
64152	62669	64562
69101	50801	47737
9173	55234	16959
69912	30531	22895
856	44332	56149
58508	48613	46064
16461	10122	41570
25221	68477	50191
44791	7388	62410
50877	57814	39796
69511	55611	512
11425	17997	12014
30509	65669	36912
3741	44265	25496
47654	21839	33922
1398	44258	5973
34132	63739	1421
23131	56821	49161
49980	46455	2161
61977	26506	6140
46480	67576	67875
61146	47612	65192
26266	52269	43250
33791	39536	46572
38525	54635	59713
47960	950	55276
39734	1816	40848
22895	63284	142
65126	69244	40204
26598	8890	36058
51087	24811	38399
27694	44851	43342
52226	23597	56213
57393	8026	53375
46488	38644	36645
59036	59036	46678
33371	61470	49426
63625	61329	69802
44848	57934	38953
17192	38677	11157
28320	46744	13454
21504	68749	57895
62482	40443	57383
51746	7197	42906
34591	21121	27827
7064	25230	25176
20464	20467	64798
22134	7997	31823
34647	69177	41676
26962	65493	47630
29505	37872	23360
49314	19014	16883
8351	40766	45522
62553	32232	52739
22363	14033	63940
25172	12539	56050
19528	7859	20038
42658	55899	6147
25538	42599	34597
58750	13567	67361
35404	7188	60030
61922	34122	30728
55765	43041	1119
56619	25338	31888
11964	56203	48432
24088	41898	55195
43421	8017	10144
22588	65772	19347
42973	49041	43037
57706	55617	43704
57408	64364	9138
2894	20733	23351
31021	35163	22203
60849	28665	25831
12165	31411	47794
39291	33778	1895
49591	10163	53320
53788	35686	4968
29474	16735	9372
20386	15787	27935
67017	56707	5281
16868	26801	52006
2356	38581	58040
32869	51555	10616
25905	36343	69684
67084	48959	42022
22950	55727	51684
43041	55304	65460
58755	65215	54742
36554	1547	63605
5507	41996	23728
6721	39535	5501
5437	21664	36145
66750	29889	15631
69315	38578	1731
60534	2161	37623
41898	61033	39526
13540	6508	22982
69397	56005	44541
62468	65814	28466
65814	11412	32428
31652	53666	47796
61908	49973	28980
57461	23839	25368
48877	6247	14162
51479	1526	27382
36345	27441	24072
32509	39936	27858
67479	51438	10559
68028	61931	6236
6421	52497	32941
22825	61575	51445
24509	8726	61900
6627	34873	65739
67441	7864	69251
61581	5	23377
31002	12926	6714
29889	5985	64856
56496	37225	12165
22554	34293	31109
56436	29771	28659
10311	13736	51479
1816	57091	60659
64607	31782	38856
65884	63296	18848
17603	12378	67820
45016	52796	22336
56049	15050	21380
12701	16354	27428
42662	44144	29295
12544	31316	40948
50702	17148	1675
30181	21108	27613
51781	24770	600
60693	59834	31765
5438	56829	68101
67268	64799	22571
31721	57248	19564
41836	49933	45822
6140	54112	31122
44990	39535	63669
8130	6547	53063
58801	34293	54677
55463	38681	69912
10312	4769	63817
8839	40004	65264
46785	51877	32564
21618	51262	41790
53443	10145	50095
5065	65925	44868
3886	10641	57728
38765	37504	28707
54281	14075	41819
42601	40543	42655
60108	36346	37723
69265	56533	44265
45935	24550	13139
63298	7224	64893
41604	45098	26724
46686	56821	67416
44222	38408	3426
31077	23329	16790
277	39085	39056
68496	9383	49770
18443	55284	30372
30751	36748	33116
51560	54250	68713
2652	17302	62575
47242	46603	54034
44608	6627	37786
13836	26762	69194
60106	6209	14248
52144	42421	26301
61082	65192	10754
8600	1736	63911
61437	55676	56066
24899	49659	37623
47278	56279	38056
60347	12544	46141
51777	16470	46256
51258	55070	26272
18002	7573	8912
43396	57907	13106
48305	37713	21366
57482	17785	41354
66751	41676	28020
40004	21761	64238
9221	14488	63375
44586	31065	13159
54372	57198	29167
32826	37189	9473
9473	57580	45572
30793	58665	38589
19171	9626	15126
36330	42805	40889
22391	22690	4005
36374	2138	42816
51377	3105	25581
61430	53641	22876
64243	45536	44465
41641	65743	56450
8546	15164	12685
24566	11224	11677
23109	53932	35824
38380	53262	23738
1851	58155	47480
9207	44923	52932
7848	32108	28718
38032	62096	56109
66853	40648	33380
11182	45232	40666
30670	33517	60958
19492	55481	18184
19525	5988	33921
54258	9451	19014
65954	64354	40915
27273	25513	49695
45663	54849	19740
44409	57784	43991
4259	45624	63817
15867	59274	69023
17959	64408	11628
8573	43369	32889
34676	9174	59575
61285	67106	11043
68626	53708	39716
6743	54932	5642
39319	67363	39716
54563	17315	39478
58002	42886	33848
46615	18223	41364
10932	19730	15829
32654	25176	64977
52399	53394	40045
40982	66457	41173
3301	57161	63840
4205	66354	44233
24960	13586	15207
33055	4922	10163
3024	47785	31850
53015	46601	4189
36904	33644	30545
57814	35215	29103
4552	62687	57679
11584	12707	38413
63918	33206	39442
17315	64682	58565
54606	34964	9200
7301	15648	24649
39786	40588	65317
45021	45016	41730
17370	20668	10415
11854	14510	18444
13969	45475	23605
33031	7685	44851
17457	49933	7007
69377	39716	9512
19389	21024	22638
53333	45302	10891
69509	57714	21933
10143	4007	37504
26756	28854	14776
26552	20473	17631
5558	50319	1421
55780	38644	42649
56288	51218	25287
12332	36346	6689
58329	7406	43141
15909	33102	6684
41572	46455	59796
3596	14402	15573
40531	39207	26329
58786	8672	38988
14962	40954	14184
49107	60534	953
58795	30547	65224
40644	46422	11425
19276	20663	5991
64891	42886	58744
17867	42715	55504
34306	12414	65343
15042	14177	32748
24550	22256	30684
27827	19740	59705
12934	52241	1731
7709	50158	21271
48752	47454	19502
33478	52207	3493
51239	604	44865
67828	20753	54810
68777	47696	53928
58705	27474	39291
46517	14014	15468
7773	16238	61223
62730	49125	5763
61563	17577	45421
35430	67448	37480
5795	68963	56829
21872	32371	30372
9451	40965	49193
37603	30594	16842
29041	13619	38168
28580	35423	21761
13623	38581	55021
7750	52660	15316
12414	44661	40
11412	14033	14127
22480	51347	45738
1108	17867	19528
67822	53375	38380
22624	55021	8193
60400	15904	28286
41090	35163	48385
42515	22982	34640
50194	46001	38370
33113	38681	49161
60014	10342	38225
13026	14318	50836
3251	23686	5958
54831	54812	26094
43646	10949	34326
50995	20737	56821
35643	23187	4635
20753	53333	40481
39290	22453	53337
29768	36631	44586
67492	12414	69119
53837	56274	21178
1168	1371	41115
1811	22425	57526
30851	64354	15532
10980	61733	8128
23686	35432	19014
51663	43666	1547
46381	390	7935
6012	16842	43249
52088	48025	33380
55323	28655	55979
40640	47922	13732
6747	33324	62861
19038	29167	9165
29943	66144	60319
10562	9024	20818
11442	6184	9036
21074	23286	34765
11682	12051	10336
30576	648	28180
54529	64152	66438
60682	12118	5807
6350	17906	11584
64716	39641	22205
9258	12685	52301
16124	61753	14545
59149	20131	22751
5872	52289	42778
60257	69116	1199
10616	43445	60449
34241	17115	12100
59512	36291	63688
9353	50311	65932
27583	61329	42821
7312	40264	54950
66958	41341	23413
63555	30638	5801
27057	16344	62599
2479	5515	59427
62484	59539	21144
26812	13754	34814
57301	67307	38659
56001	56709	36401
8829	13721	3731
46140	69497	24428
7707	23839	40648
42942	66491	44370
27230	56974	14033
3659	1117	34155
36733	349	47962
61085	39583	69795
42775	64243	6236
52838	46537	23417
20120	63998	30430
21287	19057	38105
18197	58038	16165
9971	18134	48732
8798	2226	35367
8801	10738	37504
5767	47330	17959
69999	9492	60053
35960	47455	12979
66628	30543	51546
54498	17895	31278
21804	12777	14241
68473	22425	36947
10754	63598	63627
37833	35686	12079
21598	43539	48504
11927	51118	47548
39950	1731	55422
40166	4883	36634
49940	59440	44338
14881	30507	55387
24117	54686	15142
3953	42280	65282
51210	17057	60140
34820	69852	34480
56586	25162	8185
23156	29566	64607
42329	59368	6898
22004	52006	32818
39641	10339	9989
1567	1851	49141
14101	51542	34154
67987	18350	1294
13567	9343	39642
46572	8870	69010
42814	15787	13394
20161	69547	1108
12974	26200	5947
65264	17602	11985
55899	24839	64539
53666	4007	62981
54635	52244	10287
4781	60809	51912
58734	64607	24626
53294	55569	9112
31086	7301	46911
61279	17715	65451
60030	23794	32706
26559	17164	69718
49103	18537	50598
7022	53727	54559
36595	54653	30641
53908	60485	62243
8870	2139	61827
7925	13369	36354
13586	23413	46140
8394	23220	61082
60824	21761	36354
24379	47087	23895
6141	48887	3442
30214	66728	32809
4962	34853	25873
14033	44965	61699
47115	47406	6646
13927	5512	18350
50416	19050	69336
54309	12497	18272
8329	28886	15130
23387	924	57981
21178	63555	36294
26399	56619	58569
56097	55763	29800
11785	48913	56097
49659	24842	58885
584	13472	8015
37248	5795	897
33618	18704	43348
47174	36802	63739
24719	50450	9801
2106	40293	17676
61871	32647	33386
26801	62590	1354
66367	60027	60305
12440	41671	19104
30742	59783	64364
3473	30684	8372
31278	58569	18102
44259	30218	50303
37292	7207	54653
59035	4562	14846
60799	28168	39962
34931	17142	47779
47890	50891	41317
57103	6714	14585
46078	2537	58807
61993	42079	47010
67551	36108	14173
52683	52076	61504
62944	45021	55281
32564	69023	31633
13018	68496	44706
31213	18604	62955
8017	67804	30772
49774	64445	51877
13993	43466	33644
32105	25522	45508
33798	54529	22229
14546	25540	64957
47438	64722	5692
25657	56048	36912
69525	50554	887
34328	5558	29472
15435	69119	22707
48340	49768	63492
58145	55525	2556
54387	1426	18803
10055	6843	9108
38988	58119	65990
50568	69313	58575
2476	18212	43086
55713	53409	18445
20253	61075	65908
12037	8316	36812
11904	46211	23286
35251	38461	28115
1985	35756	52517
68767	3440	58822
52053	40904	55959
32749	21460	24711
53917	64539	61676
39883	39311	12887
50012	50182	42544
7300	6747	52788
3105	30769	13472
10299	539	41607
58885	52039	37868
18284	35215	62862
27824	29200	57455
58552	47960	41316
60876	31853	43608
501	42769	6233
9063	64716	9692
62074	18541	18282
33161	51024	35389
1294	29771	28115
48646	1471	13641
67000	37945	30851
40426	65850	7314
44175	182	22763
53591	36455	14147
38098	15286	67361
62909	26399	5101
30048	11868	18702
10145	41286	56829
34155	8130	19175
4294	47256	57932
29012	25287	23160
61011	11351	51018
29729	23514	56656
32270	59618	53019
12032	36125	60187
44338	35990	28683
25368	49839	41901
52497	26329	24403
17164	66815	60608
31706	62128	43991
42820	16488	50938
14689	31430	4786
26425	67192	45128
38205	25180	27543
58968	28923	58119
23260	37295	55021
35151	9492	68388
36577	66560	2814
20558	17847	36577
12749	44865	38305
19845	18410	14420
27046	23932	24851
2463	45681	11351
39963	68193	5388
45584	56546	21792
33971	59705	48172
13109	50273	1927
12611	4922	67406
45332	21539	60870
41183	41183	47152
45903	25391	10616
6016	29441	39122
15095	53788	40818
13178	51683	23188
27250	36183	48989
56322	63354	1386
18242	26500	28016
67106	66105	22806
61711	49333	59081
55539	63710	26760
14270	55946	37603
37372	42853	7842
30405	64670	56737
24126	61921	61268
25825	50721	47972
9466	45325	62237
22378	20500	9222
14409	63388	9770
25544	34352	52708
55328	7704	53663
61853	14603	50665
90	7519	67309
15130	20655	40915
35928	64693	16057
16153	60392	56872
7250	12974	7923
45846	17634	16701
43196	61325	61283
47470	35162	42368
58912	34504	24776
36372	44903	1399
53173	56060	38052
68754	3759	40004
20491	28981	9977
53490	51192	7707
66378	9138	35868
66144	57739	49933
31018	21722	36125
9165	21486	63837
14603	54309	26543
2630	3407	20809
6864	36870	60602
52562	43075	11224
18431	14305	42724
42779	56213	35218
11157	55243	55145
33661	28261	44001
37242	47480	14819
11256	15962	2409
51040	62575	46772
59796	69213	55131
49459	20250	44583
5028	14247	60207
6471	36733	23329
10088	61146	28255
63594	62885	36850
58817	52301	58508
36349	51219	42835
25959	49969	51248
46313	44034	623
33228	11400	23781
7238	50259	17337
54650	897	35736
19301	35235	59945
49465	69738	55777
10490	11426	2537
33369	60762	30508
34336	55842	61735
10698	45891	36480
24649	30003	68651
46059	11056	26275
28462	50514	13009
59497	60207	24166
32108	36477	53979
17167	43477	44724
22868	11665	25804
38065	51646	29676
44486	45632	15517
43466	30254	55585
23753	53832	5493
25608	23680	58009
16682	26151	69362
60091	13202	56378
11786	28016	621
33707	33324	61208
44594	38231	49846
55014	39252	51830
974	69372	14248
5959	38035	29249
33160	50695	34943
36802	34075	34712
56712	69959	41395
1530	36125	19952
54007	9871	9955
62458	40256	28115
55979	27318	15898
66799	54479	28473
16587	27693	25127
66640	59705	34529
38266	66655	55234
46864	19301	68817
68168	21507	58106
25195	53389	25238
16541	35883	56644
58821	15042	54092
34326	18565	54221
57679	39074	22423
33895	53672	36733
46614	27181	25771
12873	35747	61075
19875	35054	58450
65132	14241	51278
57688	26334	36760
53608	47007	27535
29412	59338	55727
69811	35060	29723
7406	25351	14153
6915	43126	7773
58886	13026	54092
22277	24389	33928
38691	53447	60207
39240	5080	54962
46400	53285	35905
6684	53992	22622
8106	2814	26156
5878	18251	42834
50341	68196	26239
30764	41671	65200
66648	3610	57393
14617	33380	62456
34113	59265	64927
38608	24208	22554
42596	8165	33299
20047	51479	6610
21987	30003	28883
61188	29473	26334
39415	29323	30482
34289	9074	28981
48009	16521	6087
52400	56737	43472
37446	23920	40497
12524	26958	37257
14982	49704	49034
23183	63803	63463
28007	31851	67363
44548	9623	611
9955	1424	51424
8631	43348	19821
32848	68916	5029
3189	34591	69852
21141	55979	62267
53171	58746	40640
8811	62668	9913
66691	4781	42601
38644	65080	44246
53063	6419	65631
21117	20284	4738
63682	50999	56457
59572	27604	15107
26574	12632	232
34161	69547	11985
6372	15286	38489
10455	64150	22423
15173	61085	45806
47850	18182	40848
44052	49797	43607
55554	11377	1497
51465	16464	6325
61112	27356	53917
53410	30349	18780
37355	46141	61781
5014	18212	50321
15664	16510	53772
35423	22751	68587
6957	29507	6617
31739	31156	30218
20663	53389	4962
2929	49485	22841
3407	15410	28530
34658	24589	41562
61249	66294	17342
3856	13653	50162
13322	14615	64877
56144	1706	45919
55281	2906	52441
24846	24925	56265
10415	5	62096
60290	65524	46572
40567	53672	53389
11162	48901	55696
23680	49839	54281
27692	37575	58333
64249	7301	63601
18917	4540	20473
2716	51331	56376
61694	67021	44847
31102	60185	48913
65283	2567	51258
63259	33838	57179
31363	11106	1843
41726	37504	27596
37032	57814	18445
43827	51024	4563
40288	28718	55328
9036	58663	53828
9254	69213	42186
30612	68916	26943
6373	8452	30235
67021	36411	15970
18441	61338	8856
36346	49038	37623
33297	58807	69211
15020	6990	59142
26239	64276	182
55550	6606	65132
25090	29516	8656
26596	19740	19004
4645	17391	6582
52765	4968	40714
64141	16927	43128
45850	175	43510
55145	13137	4297
30482	47480	24379
6274	58260	64020
38168	50938	51542
48862	50598	28854
22425	41331	15474
14545	10425	69386
15513	64721	4838
59834	6212	15297
46678	42467	23920
39912	33690	45393
39845	47645	47785
64076	60027	37492
67619	7071	36205
7015	24889	68758
62428	38369	56864
47567	48222	53072
7728	29800	17906
39664	25638	39273
50182	13032	3580
1324	57824	64238
32130	60310	49333
43048	31665	47152
43566	11301	22203
54322	3081	17556
43906	7795	51620
65964	35481	38107
15212	52803	59017
5029	31719	38785
56611	47061	33273
37816	11274	49973
47963	57766	19057
61677	12934	28683
35768	6567	40207
18134	34352	36268
2272	60269	16448
19975	7033	22571
32830	69010	16631
47479	54281	16692
1550	611	43704
25708	6689	9466
60659	6434	1550
31016	60112	54635
30737	8894	44828
11844	40443	53917
39176	39989	23358
7004	9172	30041
26892	53952	42611
35103	18816	1421
53264	23516	30081
40542	39865	17099
9853	29230	9174
26672	60240	12414
12557	45444	20663
10940	51516	5580
57570	60823	21451
20317	45618	13581
24209	40897	29723
49077	29461	4354
20308	34336	31609
28963	50995	26894
28195	33646	51046
51064	27835	26228
14508	28016	32953
48943	23016	62981
49717	15286	51167
12684	9989	36346
44828	14377	1083
62267	7685	63616
25686	57520	18935
22200	32889	39115
25392	69684	32799
30517	3473	13106
40889	12607	63660
30547	36904	51364
64609	5939	300
9246	66725	35696
36919	64822	34039
48767	49717	19462
27051	19132	6468
5905	32529	10651
8128	25608	19417
37754	52136	65932
25391	64937	34988
41036	46148	45016
25728	25704	25338
19177	45822	17881
28513	2150	61283
24716	25946	9241
46859	42769	62173
6801	49	56977
61953	44993	51153
16530	14864	57383
20528	31968	54689
16842	5815	37041
1587	8741	58746
12386	36595	68787
2570	39177	6813
12763	21933	18444
54377	54610	2137
57355	6470	13401
36921	22723	22246
19232	63220	49402
13139	58485	58486
15836	19970	63601
41169	59145	6813
12260	37488	59607
60763	35905	47454
925	45063	30068
58800	11798	69023
18604	60122	58373
12428	49107	38608
1380	65814	5872
24204	8647	26301
32656	67063	45617
36480	3481	21074
54518	39063	33238
56914	25055	8171
42633	32818	25827
59017	24166	64076
59514	13721	40728
60563	7312	27428
57179	36411	7517
2472	20644	17436
16068	29836	25827
25513	4479	66466
21168	22123	33971
347	3662	3767
40244	53808	798
15996	32365	53024
9852	5672	41405
17881	60268	1496
20829	31829	63298
22670	2537	28551
44349	33953	23079
50604	12555	19477
19121	46288	44144
5947	26066	4648
64072	11043	66088
31316	6735	18930
46	49155	27575
5982	11121	26661
10106	16985	4097
23965	6140	35712
65928	69210	31696
51778	35083	16057
5212	33299	14188
9142	58086	54209
35004	61371	35453
19162	46288	51118
16786	43181	6184
43100	8240	4645
43642	28431	25686
5751	43181	55014
32371	15742	24574
38086	65693	4036
54021	66840	68729
57003	36412	4748
44034	67063	50455
37055	56021	26509
32941	30265	40329
58216	65916	16417
22256	42263	68606
51364	17447	48025
32696	46422	12974
3863	56705	63660
17556	38912	55329
8393	36733	35833
15087	55329	63907
5958	33651	41917
36096	624	63383
17973	31482	68034
39663	64107	40332
42821	46562	41354
43353	12901	691
27356	38243	31536
46741	16631	20284
7115	67722	35446
6569	56769	6801
61465	62050	53019
50285	61921	21318
69389	43586	21839
34176	41036	1398
3610	35776	16751
57526	60981	61677
22203	54092	40324
60540	39917	18930
35469	13370	24509
13510	46047	7909
11536	20275	20464
7188	52039	8329
460	16735	6468
9343	49719	58762
29522	34844	37954
47397	47278	17457
51331	10412	1380
5815	21987	33251
39916	16655	51500
53086	284	69915
36248	16728	1632
22751	60122	67074
1740	44204	68182
25999	36081	55054
30861	1115	39893
5500	44871	59344
4235	6490	8207
6147	14950	36205
9331	1426	12573
40059	41976	33661
37145	32251	46960
16110	47219	56021
39459	66106	4748
14779	31267	23243
46209	27313	25701
10476	10796	34760
19821	64652	64121
40332	39646	59481
14950	55054	55988
56872	57998	21483
60182	55280	9521
42563	47754	11362
58638	15477	27262
30474	61735	55780
59285	36857	59037
55384	32063	58385
28535	46422	54548
57374	3604	68534
10813	31303	19564
48040	58373	63601
14177	6421	17099
33517	26598	36219
50701	10740	30218
49667	45584	26298
63154	64325	41696
32489	38289	43642
25398	5392	31416
53919	61581	43830
37755	67361	11794
28286	16899	4254
61868	390	50407
33646	38171	39170
36031	12749	60
17715	12265	64957
15941	185	66648
19432	42821	4038
9372	11792	3759
45776	38050	41901
38384	69150	56266
63383	14615	64201
7839	44222	36950
55186	39734	28718
28663	3724	62032
45171	63052	64052
41128	17276	11926
43770	59000	61168
57472	17370	41175
24208	62501	62743
2413	37075	60290
38860	29461	17982
64649	53394	68891
60118	64141	37520
53095	54046	7862
68246	53917	13177
21317	48891	56971
62444	39991	14881
50303	33144	6225
45613	5829	9258
31609	2855	11798
23932	61369	17442
15110	33922	63148
31303	40529	23539
40204	36108	8266
8901	20847	69658
29723	14967	44916
53337	61167	24028
52614	54007	347
58927	13619	10450
19364	31086	22263
21943	38581	45504
50863	2196	51830
600	621	55525
30684	2224	57635
45670	66074	51928
63432	51865	27004
56109	29866	69962
39110	20977	41090
49485	15264	2161
25690	49690	45835
42016	40204	46137
63382	4259	1119
20259	22868	61329
36104	33551	69811
51806	611	53410
47766	19974	14312
61827	15568	60166
44437	33198	17239
16057	8631	61753
4738	34155	9997
18676	28555	53341
48891	46864	35740
40915	58373	57819
69088	9153	2249
19802	63640	6724
56431	36205	39056
56810	38032	30157
61325	8240	17263
51554	25394	51422
41779	40644	65255
63698	393	17563
20362	2392	4962
11437	64303	15474
23776	195	49667
4126	46030	65284
19254	38034	15795
39769	8316	967
5513	49690	64937
12069	15181	51508
59539	67624	33380
54488	57376	21761
63311	19121	42287
17631	38300	37723
54721	34760	3856
33988	35166	61780
34254	32749	4235
67063	34529	22391
13851	5829	11801
54340	50095	47383
19886	54686	5320
52861	68493	69613
31898	65067	67305
38000	23965	10641
13754	9617	51799
25806	22858	12332
63896	6110	156
7242	68682	17863
41585	38685	56974
31717	37248	65043
42583	43404	37114
29472	44677	61435
14926	38369	47455
69411	12555	23183
64056	21921	26943
31831	23414	22246
20960	52497	33642
30450	12305	15212
20110	14508	3442
42287	15365	21893
34187	32656	56926
12446	59895	58291
13107	42798	13648
30433	54879	16927
33778	60122	4929
1228	52053	29968
32156	51386	35083
38052	5878	68777
1287	58663	5392
6575	47184	27356
50161	28293	48891
58975	48078	31441
1409	58850	35039
51422	5065	65376
31602	44959	29463
21419	42662	60828
26003	8128	69244
55354	26602	22624
45150	63282	68336
17840	49861	21973
28754	67021	39177
60059	7299	5014
16293	40531	35686
26807	8794	15435
64260	31573	23445
50003	38691	54007
32360	25274	17282
3269	9521	15231
14162	23038	46952
7704	38843	28937
38677	10088	67542
43497	25028	69140
58744	604	8142
13874	61314	28718
32997	18267	10255
60149	33667	58260
67206	45536	41341
43784	58565	69211
64517	43784	26656
45939	25905	33848
35936	9727	61954
26369	44677	39662
47063	22411	54250
20275	11901	25176
27535	16735	6747
17644	44326	29566
22123	8798	59481
42430	69795	8529
22453	37575	35432
53767	17906	51192
23296	39082	66152
57851	37175	20259
52301	8162	68193
1235	33838	55267
26577	62082	39527
30759	5958	210
3042	3580	2479
3365	19389	17302
65990	31930	65003
26190	45021	58697
51877	54226	53454
12868	7207	39608
57198	67685	44204
20678	62599	12970
61464	41726	54849
47576	13495	20764
46946	69999	18134
13115	26087	4453
35302	15157	27695
16985	8128	41136
14518	61677	55323
29907	26096	1108
31400	33228	9601
39426	65455	21349
46960	11029	67348
5174	57833	57455
49333	1595	53696
38607	35768	7836
9204	47801	13161
62096	46141	7836
45494	36947	15001
23693	38168	9573
13536	17631	66169
14510	49819	51258
67406	66146	58565
31821	26334	5672
428	24711	12368
59722	58106	65105
67118	1117	6202
24340	51064	33816
23512	65969	63348
64487	46712	25828
63616	10280	35446
44012	39641	20467
10954	43925	56647
42037	36401	52807
58160	41378	53543
35686	6325	36081
66294	60027	24334
69802	24403	57318
18796	20196	37759
6481	67467	56707
512	33011	56040
41676	67077	39459
5089	12979	66583
6365	61324	46942
11499	20192	30921
51500	63598	1277
66169	45364	36914
65684	1524	11047
7898	18372	25704
52741	37167	3276
46211	41378	39014
13370	69666	32108
24072	62369	44338
52167	36864	35908
64155	66770	35352
29691	23016	47184
22780	22651	31267
65067	69626	2199
24907	25581	35270
56997	13495	26267
11141	42387	14546
39085	50863	21380
2423	287	33895
50868	24509	19477
7325	65376	29200
3772	65224	48991
167	32130	66628
25351	25755	38032
55746	66131	33206
55267	20393	60889
10449	24566	27057
34122	50693	64304
57819	6075	23171
66818	57330	10768
36130	48162	46785
26656	39039	48767
47095	57405	45510
58732	54962	68008
13749	59539	18930
59713	11792	25638
2241	67448	17906
43887	53992	50695
1368	28108	59572
42581	36219	63734
53406	53333	3998
68298	69730	48300
62981	64709	14525
15898	60876	7848
1041	63640	50554
48361	6603	43078
52207	14147	38333
65343	30896	23605
58385	21954	18750
2138	3685	44134
64859	42091	56966
28158	42658	31111
67094	40324	58773
19810	42820	58801
21451	37382	58187
42686	40332	16238
42354	12985	49982
46882	26384	15664
38287	15951	9234
19797	58040	52241
25176	23702	53173
69738	30430	55427
58749	36332	35270
9991	12203	39893
49542	63237	49575
8794	56527	25238
54296	6001	55302
12573	64556	56082
26809	18433	56709
11376	64178	39663
38883	3662	52982
55131	45059	11844
63844	7685	56019
23137	4510	38607
53224	36812	43704
30555	52193	65184
61676	56502	6495
12455	40531	25351
32462	56502	61558
15171	39815	47476
10595	17239	13874
30403	58389	43675
27430	28473	6901
67097	35678	3998
43570	29505	17452
58697	67352	68246
14511	60449	27750
52462	37922	17167
47025	52400	43075
23038	6818	63064
45393	23957	8587
9997	46976	59338
42485	50195	29839
58643	36171	36045
139	66012	57679
34553	49544	56274
52392	52392	14510
27658	39550	34289
24053	66217	53666
68175	26334	67428
68679	55537	24340
62274	43976	21846
56533	19827	38912
21722	16382	69411
47347	9354	32654
18433	1665	39074
19592	56094	25630
26156	49161	8113
58606	42548	35079
11047	69391	30764
950	14813	19004
53543	62176	17934
5316	33369	58508
39648	12763	45483
48300	15868	68177
10297	10088	67919
1482	43770	27308
46792	57766	19459
61369	32442	42515
17436	58261	58768
35119	58291	28168
31992	40728	48009
21318	24403	58616
5032	49843	34899
57828	35678	6915
7901	20030	56821
45828	33592	60053
16650	49426	69766
16081	13490	39122
56483	25530	41720
61026	44916	46369
16023	35103	8392
45418	3100	22533
53881	61348	34233
20818	30479	39950
2538	22806	8266
16630	47696	38105
50129	35950	600
17785	45510	9509
12777	35227	46308
46047	4328	69178
46961	26662	25728
49789	941	36477
28065	21334	25904
17957	32442	62297
3830	30772	49333
34945	31898	16959
35432	40445	56050
6131	54309	57766
51829	28230	50515
6247	34929	56149
20813	47548	61247
25402	24379	90
7207	51806	68758
4305	56712	46135
67803	4738	2476
4068	67259	27613
31680	26816	10055
13619	59895	56797
67500	11864	8890
22483	13369	63210
56048	43263	63605
29968	49719	4969
44869	59233	5521
19000	16076	13958
55379	66378	13489
43607	20009	63348
25863	27577	13369
39767	35125	67973
35625	47617	17587
36004	54552	5706
40039	65080	14766
40129	29911	17110
28294	9036	32456
52624	156	55842
13354	54962	46016
58650	36092	49575
3492	67307	10914
33380	44865	32498
10280	32427	54365
69010	12686	7083
30282	26315	64957
46665	4007	67939
37723	28513	14881
26298	45618	35960
48886	3861	30576
249	60269	65224
28788	18338	10088
60939	21219	29566
47617	69119	33575
42078	19983	8817
46021	18212	5241
64648	65008	46256
57345	63415	3815
42085	52461	26248
53320	21287	57405
46603	20098	25581
51873	64271	42581
42804	51564	47645
14229	39664	17602
14279	26943	14766
40549	29686	22306
51653	18009	29761
48362	58781	9218
20709	5254	54170
51320	53928	28979
6060	17167	10580
48561	5	35573
47330	61117	50129
42011	69210	31592
51620	32288	56013
13401	32799	63383
11377	59465	18102
33257	6575	3815
51564	31615	67077
33273	21973	31708
54508	29036	3234
27249	5414	51877
41708	44175	4039
9459	7529	31167
30713	16415	25746
39604	66904	64578
44007	57998	17603
6689	19364	49465
69980	32232	63616
38231	65647	14702
52533	13023	66307
6567	53137	34793
42445	19656	15207
17872	69946	67192
64893	60799	58762
3749	3301	50195
20250	47278	10940
10847	55812	67640
56769	30508	56279
39082	45878	8193
52921	22841	26982
8267	22297	55329
18930	23171	20998
3440	20739	29968
53530	62274	51258
41331	7635	20474
45878	50311	16766
56845	21320	274
69478	48397	35600
41530	49155	15868
8015	23187	28195
39025	14355	17443
41730	12332	38704
1386	59027	15297
15343	62096	68298
22078	105	56966
63133	54062	47406
13796	59338	44437
35620	61791	64626
62558	54177	68916
38464	11482	66438
12261	35883	11256
40391	28578	13619
64722	50437	66354
67878	24846	49863
26875	26875	54426
54250	25530	50996
12084	12421	68177
8541	32749	57487
28854	6894	40166
60319	53011	44661
54984	40954	68199
15477	23266	24204
49095	65541	68002
41819	19177	10165
38986	48393	43611
5092	46174	17194
54981	26864	17602
61593	13993	33791
33946	10163	56619
56821	8017	57775
66547	15240	51830
5988	2240	23038
56357	5140	1386
39654	43793	63048
69199	4589	41504
24715	33667	2920
10318	36914	69199
36641	64155	10088
17573	9204	26676
15999	46496	13910
6212	38234	1829
20633	14617	29719
62727	16124	17263
16884	68473	24072
2607	4786	23786
68429	29041	29139
60122	58801	33292
42655	32371	32948
44566	30265	5500
26319	16339	48678
66404	30576	45663
12378	60659	32818
68337	50702	60958
27717	57148	17791
13369	46059	23702
52866	10236	24598
23510	20709	8266
23781	58119	4922
17982	30433	7750
55538	34945	36329
25055	67465	1426
32277	59868	30474
55585	26003	17757
41207	32493	8780
17312	63354	17631
64977	46537	65224
41378	5904	30255
15723	13454	59524
61104	29282	11613
3861	50058	23185
26287	684	5455
34386	49863	35060
27935	10998	5815
12985	4689	35821
4155	60824	45845
60809	42805	8647
65008	49161	9623
52334	7901	69194
45294	42835	18717
55537	54518	23612
15330	56265	19730
23702	48837	31399
23351	38408	64322
33575	18478	18009
1028	60187	19389
5470	50595	39917
37041	39003	66136
60	28907	64271
54616	38086	36410
43141	36645	56707
11400	6603	49717
45364	55485	27407
64276	16159	65105
36624	62169	41541
39419	8159	10318
43128	30772	49982
27811	34161	25398
57432	57176	3492
55611	47963	25728
30838	14584	46654
61208	29902	16696
63129	37628	17556
53979	55713	40681
39279	10641	9221
40904	31968	32959
28655	46859	3632
46601	45904	48672
66655	22246	35469
6529	20599	48959
52982	30382	21036
29036	20202	52739
1927	36258	33198
8912	53394	38287
2745	57301	9241
16354	21389	65184
13645	50071	54742
4956	30742	25857
25831	25746	38691
57997	6805	51222
39885	20900	53854
57318	55044	53443
45441	66751	37123
24093	68905	24725
12421	20215	22273
41715	55044	9925
10817	49558	39121
390	4479	56247
28278	10318	5515
58040	67490	42395
41870	32063	65014
52006	43869	21380
20600	45501	44338
56312	63063	18242
11447	30641	7795
24776	15568	62610
40714	26597	60563
31430	46086	6314
20758	13283	20733
52690	1168	13055
61642	22588	37032
21378	25946	50695
12079	16927	40261
63284	43353	32173
14525	44038	10318
29657	58329	53262
17609	51806	22622
35125	45744	61504
69162	60980	42194
41781	43494	14279
34613	31592	32674
43974	44706	41136
48312	53543	29144
67722	58734	53491
8856	58697	41898
42263	25564	62922
4929	25912	63801
20202	1362	6818
19799	59249	33409
4589	58800	38758
32778	14173	15126
14292	47774	42820
56502	67859	27586
2064	7612	880
47383	4922	54742
62585	57472	54830
46825	60899	45617
28230	12414	51239
57538	57833	13485
48205	44541	36345
39352	36912	7775
3980	3980	5392
11426	41917	64354
36257	47548	69643
27543	59931	39273
49839	33676	11400
38927	32509	35453
52302	29083	47309
54841	48561	26805
12227	24266	14556
64020	48871	29839
11677	55946	40023
56245	11351	38327
66307	3685	60349
12142	46338	55585
3782	18704	48622
63756	69748	15126
36878	66776	31052
65631	7233	66131
64005	32747	30224
60746	23171	18676
42022	32948	24901
46376	31523	54296
52803	40265	13796
4039	67548	42383
1359	39319	42816
62463	2716	38266
6735	22263	21364
14923	38308	60917
59255	19731	37557
60614	54962	54246
11492	51324	24725
34156	53363	20779
46712	7250	42464
68743	2234	57376
12372	30392	46030
35453	67987	59607
32346	31399	8329
68636	61657	38026
54034	63060	21982
21621	69307	27069
67630	12118	2476
12214	18444	38035
3958	47552	5029
4005	16417	1997
39608	32484	23738
30508	46266	26156
15316	7809	43642
24926	65344	45192
36631	40897	44970
31633	45421	15400
10481	61435	23808
52461	16155	66087
48504	16327	50161
958	34154	63625
50411	66860	16514
38461	2606	11480
17447	12114	36330
63796	48300	2106
35364	167	56231
18444	10031	63963
17263	9494	27211
8085	6398	32564
24417	28723	44583
29360	51445	54778
36046	46072	61711
28979	22480	54170
67467	37723	29835
60224	37526	42421
15568	14615	62226
46911	41901	67796
36413	48804	57969
10458	64856	60116
67416	51217	1895
66074	19977	907
16274	55539	60798
1264	6130	64998
69730	35325	59427
47709	22229	8794
50191	22453	5746
62523	8815	22844
40312	25307	43830
54552	54479	18267
45650	66743	14198
39207	10436	4380
49	9354	39121
40207	38234	20633
39056	51445	59783
14028	53507	19174
53854	30670	14803
175	6001	44903
44635	44233	18388
63998	8890	2404
23612	46867	61921
23243	40993	600
66438	4748	34364
48979	41548	59524
22276	28723	32108
29103	32427	41354
21777	47754	57934
66563	22520	34529
61575	15660	68336
37843	11043	58927
40361	17997	38860
45057	22841	62727
17781	4883	39928
63707	1731	30235
32818	8133	44052
29167	21507	50273
15560	4799	8326
22180	7071	31825
38349	9889	31609
5	23605	53341
14302	51492	49992
38611	61075	64150
22297	7406	38966
12014	24918	55957
15742	53788	57580
6184	29083	56216
3030	39812	22841
60310	48156	59570
19564	62687	69988
33848	38408	645
23185	8142	65237
2088	26188	456
44326	22483	52494
60715	41117	13115
13283	31490	460
22571	18441	14146
6692	4438	5512
52460	36933	22363
18865	16198	9112
14075	18863	11360
33921	62966	36747
3748	12014	32270
57853	14584	49218
54950	15254	31399
17757	4968	50390
49790	43352	38583
3963	25544	53663
65768	20647	34943
6603	17973	44144
60602	20753	20215
26745	35629	66169
48691	53363	65236
6042	10955	55763
34352	55504	59977
24315	66750	43770
66390	41199	54541
53808	1409	44246
63640	60000	44622
5961	34988	17361
55676	5558	23932
27613	44574	48116
7385	38581	22315
32037	32498	60221
67820	11106	58663
50311	9509	606
15142	50335	14766
36477	58160	6884
11056	19417	41976
11224	25608	38303
39466	38205	52494
39865	67820	58587
8087	46078	53019
38914	3622	53837
30638	61075	20386
56050	46434	24889
1997	13040	3296
67547	30751	65236
769	20224	33111
42877	35569	58385
10094	36760	35119
25851	15231	42788
61467	20647	23283
11209	60726	15011
48035	18372	34456
3655	63746	32593
14585	14585	9494
52441	69953	61045
48095	39399	37471
29527	39924	69211
55727	53333	52690
14073	45972	58119
14312	10490	41549
53256	52828	14662
2537	30861	61248
2440	18410	11209
37882	45332	37746
22852	51777	35696
58227	9573	55387
48558	21621	16076
10436	64607	56005
40195	33918	48116
38289	51438	60799
20283	34676	60187
19745	48736	21948
59694	50721	56216
7909	52483	8327
50895	6627	55569
15528	17631	63129
20095	13958	10559
31968	42834	28470
53970	63237	34943
28526	1997	26228
9716	61900	16235
52505	4108	34853
35083	27811	5438
17740	7839	39478
1977	64891	53608
67242	64060	49992
9402	11056	7997
47288	33186	3998
8097	27365	41917
1692	12763	52134
52709	39413	26864
61152	41221	57319
68182	16087	64877
41917	61168	17791
2294	44349	69307
9871	52309	4297
21276	49371	67091
45844	59356	42194
17676	10750	46369
43679	38912	27052
24901	69738	14279
6813	54372	16354
17452	67553	33011
7997	62759	65396
17115	18443	8274
10339	3406	43510
2709	61349	57784
61268	41819	60185
59079	63220	28431
47209	27273	31073
31999	34943	8213
49609	27824	11106
11473	50514	16335
26094	53011	39815
58850	22825	42937
27792	20386	34370
43675	33910	60614
52118	48095	22571
7623	40045	18504
37278	56247	60485
32529	47038	33618
63760	24277	56231
18667	46517	11301
24851	56407	55349
211	11121	57520
51646	12428	67624
27596	58185	19177
13910	65875	3234
156	29286	32270
2249	50455	38026
59072	13047	62981
24947	26275	54412
28173	67822	69684
55284	6225	31742
51438	26440	12707
57212	57965	59102
54778	29911	42194
124	3622	52517
56797	44185	9473
21271	49485	43666
8165	13409	69653
55418	29800	19926
12899	40855	48913
37742	26248	15678
48393	7385	57461
28665	49356	15677
60166	41162	27320
49684	29412	68352
46001	2611	69251
35162	64576	10476
9460	36577	29139
7685	40714	42849
46552	2106	29566
51347	1575	64859
3426	22868	24066
6075	10436	22520
5365	42694	51683
41462	22825	57895
23134	18521	44937
7716	21036	36950
9509	39963	64121
66066	49427	16824
57907	5627	39650
51378	14488	15107
56594	39623	16173
7775	68365	60824
57938	6898	39608
43704	39796	39961
8504	54686	23417
6775	54387	67305
37945	4211	26676
2161	38765	17934
7862	53434	11865
52851	7387	5958
65192	59249	51210
41473	31850	24412
3588	58781	46308
30333	31399	66327
23006	51331	52688
61900	20460	57520
23539	38677	66640
67413	42596	44258
28901	20829	20688
12222	68767	10122
24132	18978	42430
29367	21670	46792
66327	17906	22670
53364	14127	57374
52257	68828	27767
26384	67460	27154
36482	51873	26962
45165	35159	58930
41953	47654	48622
62536	33906	60350
19680	35969	21539
45641	30465	37236
50801	62244	37786
42552	22858	50273
52818	44231	30158
38056	62955	7707
44270	54610	53551
61435	34591	3081
29835	25530	22554
4769	58655	11065
56107	3519	4777
12659	65794	67502
21460	67336	66378
44993	23516	57833
21019	66560	20131
26500	54240	46741
64003	46266	27186
11913	45758	56810
65484	23505	22331
36947	45919	15760
43289	26596	3296
46919	32350	25771
12392	16057	5746
57631	14766	1399
67823	43941	55957
2240	61442	37292
31399	25682	23485
39003	8393	56981
39757	68682	26540
27434	32108	35578
47779	27278	49781
42816	69994	37954
27791	33676	25162
1362	21389	35404
47514	66354	28470
36791	44566	46443
63492	691	22751
60475	54610	17676
42371	53992	66853
25917	13353	23505
5505	65491	65124
50913	51564	54749
46443	61737	28108
38362	61780	17457
44508	69738	26864
710	17934	4259
19910	63640	64243
22265	8349	24478
53545	45847	43369
62167	1482	41510
3864	65973	8801
6220	3391	49684
13638	512	64243
18338	45192	40244
13319	36480	29993
51972	58650	7635
35212	23957	24918
46434	15951	43872
26673	358	68460
3632	15982	48646
48761	11447	34480
66466	60899	28065
46661	25571	65460
17808	16842	19232
65039	26597	19802
65621	30641	52998
12305	29631	26574
44258	13107	40905
17602	33690	5320
50515	15829	25788
10313	38966	1386
30990	31652	56707
1083	69113	20415
8799	4135	512
39260	54548	13148
12926	54346	69124
57376	9623	13047
47256	24626	2537
23629	22946	34504
2199	59705	51628
15365	11394	15050
58746	20047	12664
64670	46946	12378
49434	34812	47406
8894	19698	23026
30349	65498	13212
33953	56997	30418
61505	15742	60953
57076	2896	30851
24266	33206	13990
31416	58385	50813
61371	16068	18368
1974	22544	31739
39880	47330	53828
50455	15297	4849
63899	36816	34155
56376	15999	31086
33768	9643	41641
33285	51687	32877
46031	4635	6714
53251	20839	59967
27313	63311	24901
32961	14292	42548
49896	52461	5618
67091	12260	15967
38933	15095	39442
51219	37167	19477
62922	39121	69240
39917	63719	20668
6398	19057	54426
49155	43224	65255
27858	10143	67132
2004	31968	61082
5584	34641	13969
11628	41217	50722
65299	33768	66462
43449	51788	45939
40414	69140	48488
5386	59265	28788
39273	26812	48078
68758	43173	65126
41313	65282	58569
3481	61465	28320
6176	19789	37716
165	40028	48172
23895	40312	36301
8235	49491	9234
27097	9503	9402
66732	26500	29719
63770	17368	30840
50928	58327	28278
11985	17457	23619
67151	59427	48850
34324	67828	53490
12542	16863	58025
29686	69994	36411
54100	18002	8235
65669	26151	31400
43750	63970	7224
2148	44965	60159
63801	22109	22180
54276	45617	48736
39000	38289	65341
5953	31765	59427
18282	13937	25678
50273	20558	34060
67954	39989	53072
47548	1974	34295
5892	18388	67531
49695	42079	48991
23171	69412	65039
14305	38127	61504
60268	31104	21708
40965	6470	56769
2985	66390	62586
25682	17263	66737
28394	51891	53672
26188	6147	14229
35227	64556	42037
63220	966	55696
6610	19983	65768
21718	12084	2611
15984	13506	41607
40113	35150	62032
58333	31278	43991
33922	45738	7750
40146	60375	47015
29032	28659	450
12373	66652	36219
52494	24531	41585
16235	5878	52011
51866	8165	14127
24497	6470	17636
25711	23485	64649
29911	31180	63817
7262	6314	28673
22628	21987	38464
60713	19669	44401
25864	9645	33791
49041	684	15678
19268	16358	41462
10236	4738	36799
6929	31073	17968
55959	47184	36729
43733	46919	45632
21301	55568	45149
50519	39989	27824
25479	66932	27767
14147	14277	28668
58147	42544	51064
64201	55190	21504
9767	43249	38644
49344	63734	8541
3275	61434	7042
62456	25827	61908
8781	8839	65904
49102	43173	1358
63556	67132	2896
17636	61247	29723
53055	68246	42603
48239	28580	49057
56392	40993	30433
38243	68754	15181
1675	12084	49095
423	31281	887
17179	32654	15542
2642	22064	59447
60930	61012	39654
64957	58749	59142
67564	18702	58941
56824	26962	35960
2276	10342	46256
28171	62226	65014
17057	20764	22391
69372	51262	58002
16174	64309	41286
36145	29889	67313
45972	52252	20393
3731	55842	32057
61754	46338	19121
47007	17997	60475
26272	60534	60823
10775	56407	14433
59575	3883	45744
25990	25647	19132
18324	44338	9221
38254	694	52298
59538	6606	25881
45042	15181	18251
6898	45630	43142
68330	994	43126
16655	4254	39240
34562	2004	7387
6370	69389	35868
19428	55323	7083
27695	51865	23932
56118	69244	57091
51831	65341	19276
34806	43704	19415
23201	52690	27957
27278	15899	54635
51386	47766	24635
44371	46919	68193
18863	1666	46151
12686	45599	46151
34881	7517	27004
32005	10415	3159
65932	45441	67460
49843	5438	68337
25162	23612	62243
42834	52634	61011
57339	64682	69412
62415	50598	58565
35283	10617	55674
40268	13606	63375
45334	21420	17241
58663	23605	65621
32442	6990	390
19255	4259	34712
40293	52828	22707
63052	6365	40370
39062	2894	28158
7141	59343	15517
12555	41017	25486
39733	33238	8912
60350	60534	18410
45109	54541	28158
67685	67646	31937
47454	48312	47038
59389	59260	47853
45353	37755	65442
64933	45288	38308
41173	6995	67413
36258	33033	51258
1987	39716	43793
11909	25468	13277
53137	22946	32037
17574	21872	66106
42855	37557	1324
27428	40426	43629
17110	53970	4007
33947	25468	66215
27320	64671	40168
29588	24796	27057
38230	26375	24550
38107	27435	20839
48068	30612	39291
27318	26134	42816
67973	57376	64905
13641	47922	34113
42544	68526	63719
33667	27308	28466
11744	33299	4380
18410	4435	6216
10163	65750	2426
13732	40265	32498
44134	52269	51153
48991	13040	15573
8790	10280	46960
64309	15795	47042
66453	54296	3759
21921	50195	60
49770	33971	48362
61358	48156	15573
62885	25904	51564
29866	13638	60515
39961	14005	20737
23162	63970	58768
35833	59328	67063
30543	52788	56114
45624	51040	38461
340	17241	52006
11302	57969	62456
67542	61711	4883
29286	38171	31021
26029	35481	24126
10748	33292	5538
61377	60762	41779
48850	3276	10796
59344	35430	13353
38200	33661	10415
52298	14964	10062
15526	55131	4354
15400	42805	5029
33592	22809	23243
14897	21460	13927
897	50222	20839
27810	34667	39273
60062	38583	39716
18223	20386	23387
19050	40244	37742
8035	10297	43126
49135	21830	24598
41155	3724	34641
34752	43679	19104
13177	46081	58008
11065	45806	29522
37175	63259	55550
43737	33386	27767
13506	19104	45353
774	40294	43369
66728	63601	36294
40261	68278	38408
21955	28470	5795
22251	4777	13177
6209	66769	50158
36661	14122	40207
65969	38109	21605
7793	9573	67000
65807	34060	64408
44574	35643	15330
49193	25916	59170
44009	52455	54610
46799	19730	63237
34075	62610	56927
4689	3446	49427
64475	31821	44537
23283	142	2642
15355	34456	29731
5716	10244	19432
12179	60746	23038
19994	39880	34803
51167	56821	43974
11448	35573	13319
14402	5672	53067
15227	27051	37501
33811	941	60062
26661	42778	29839
30018	44463	12084
47653	38380	13653
60140	54034	53808
29845	29845	20656
28779	47382	30710
61737	38865	1706
2216	36682	63210
30595	44258	63594
42047	45584	2537
62173	2683	68905
1371	66743	67975
14198	67987	38226
69653	14277	47374
4915	58789	25946
59987	52950	60299
50693	35004	55379
37923	15042	12701
26876	4453	16729
19111	61699	41169
67004	3782	26876
53131	9420	66563
48378	10165	34075
20245	33297	37175
32168	15107	37575
25264	2440	57383
40954	66845	11744
58260	17293	20280
49184	24240	28673
8334	32563	7575
53011	26375	29474
23445	2652	24478
64567	58765	33165
1496	11553	51260
26762	38856	46976
17767	23133	62922
28108	17847	42894
33625	45330	32502
55647	49562	46946
48059	35789	4839
64058	30641	15477
11694	59072	28862
57714	53543	65264
57017	35905	32682
39252	31073	55696
16729	38953	38900
64503	644	5909
40176	37471	61781
40681	63601	25368
64713	26239	63796
15995	65953	3481
40319	42387	65126
31073	24253	25571
25771	40681	49184
57181	7457	62267
8443	17797	16866
34555	64748	1895
31221	8372	34176
48656	35453	56109
51260	52741	802
10839	28862	65442
10841	7773	48504
31853	12786	33251
46256	22751	15941
23808	11864	3275
2137	13641	20839
27992	19875	59964
23527	48229	10062
69685	49509	65524
38327	37755	33607
32983	6813	48943
63689	65702	65343
27895	44706	40195
56450	8894	40549
34565	20839	64475
68460	10617	57455
63766	13430	59750
60157	67084	50568
42298	33517	63551
32748	55379	3406
29507	17863	48561
2874	58358	61954
32682	18537	65094
53708	57784	58086
50695	4781	65459
7978	18284	12555
52788	12065	22622
52753	12628	43078
52708	37945	31495
3059	43539	2008
16240	49325	63697
29249	4254	46572
23657	28779	53767
18674	12763	41473
62420	26512	12970
42642	20098	18445
44865	56203	49575
57981	55572	22363
45324	59500	26661
58358	68278	58915
44714	9563	63963
45835	3708	60608
31573	44185	39413
16702	39893	17757
67274	9626	31173
28579	34293	46172
57839	37256	25083
51684	9138	51191
45966	53364	34155
65647	1120	1074
67448	34328	10955
25581	52309	68767
7100	45288	67326
46744	25788	40766
19789	41136	28641
69182	34324	28108
9908	16417	28668
69771	12118	37123
40324	54377	59868
69891	43607	27360
5973	26626	22311
58540	48009	16200
68264	44851	25522
28482	33604	31954
42886	59607	13401
62586	36641	39989
13220	63970	58565
54451	46434	9153
19974	27166	25470
42167	40068	39883
32090	30838	61953
13032	58119	42655
16483	21276	26596
66860	54571	22929
68600	13796	15996
21486	17997	37759
48160	68177	14444
67336	19387	55204
8345	51483	8901
67865	69177	50941
44196	65236	53153
7911	50422	14615
30224	54812	1666
16866	17715	46496
23417	29873	1927
23888	21202	6089
40423	25999	34813
5995	57775	58160
78	51258	4299
19337	47476	32074
63719	2106	23133
63634	6852	14507
19471	12109	9997
9348	39352	32948
4713	31411	9372
55946	31411	65884
40091	17793	57251
61954	42230	24537
4766	64649	17563
45542	59255	56231
58789	60006	60726
5024	16842	41901
31674	26982	45421
11926	6087	4061
4484	58009	25704
30532	11376	11106
2748	37295	48340
57919	42601	18374
45989	35569	67070
56266	57697	33030
12533	67309	15898
27047	63384	49684
42362	21263	32489
49325	60699	42937
33116	58552	60027
53262	40716	69265
27786	46021	28673
49421	20655	20528
29139	13676	28073
14241	9908	47288
28292	46686	69023
23155	28230	25678
39242	61045	19821
25540	25486	45845
55949	14682	21722
49119	31989	37471
14277	8647	30751
6997	23597	19156
38843	52950	19364
40370	16124	27273
37295	33607	48305
24192	22554	22982
57148	19835	60823
38791	25279	19255
29441	48015	46303
18644	69178	13277
61780	30048	60319
9563	7848	54121
2384	18521	58051
20839	47067	9292
32365	16488	61168
31441	52088	30537
42849	35432	66707
62369	31032	33493
14489	5255	45298
23605	25937	50411
21880	34641	51024
29200	11964	63689
53932	44222	32498
34039	21366	10750
9790	61853	5988
31536	58944	33906
24770	36595	44865
39928	31823	17761
24482	31742	23443
22339	10024	19799
31989	5140	24635
56168	47115	18978
694	12414	29865
13606	58744	59333
28530	62497	51262
14445	41790	64325
34812	27434	59790
20710	40426	65284
8921	45444	44724
40443	55504	26972
43666	19622	34338
25969	5711	47470
62668	67822	41173
38966	21605	54612
34837	69150	41676
9162	20448	26943
28266	38935	57739
3580	28173	13277
32467	6714	58665
57330	64115	46942
51054	62370	21318
27096	13032	18355
22946	33709	20600
15548	67192	42601
61314	5991	57301
23286	12371	25083
24839	47382	32207
4209	3194	65491
39328	37628	60981
24135	41199	38716
67326	56114	44580
44465	49542	47552
50891	47470	58104
48672	24135	47454
26301	51960	10980
56707	58930	36791
36045	62032	64905
65455	59260	39716
33102	15787	22723
14813	35163	65954
34667	28291	26982
15066	67859	15723
16173	23702	33785
20284	34480	43961
33493	63605	37458
4793	64652	5774
61338	65372	34676
58345	52575	51465
1354	58503	6909
39999	32467	58746
51176	19789	63356
6785	38098	48761
16514	38600	53245
29516	40872	24711
48703	55341	49684
40281	22858	1423
31065	25348	16751
45298	35056	45324
7441	59570	43570
32236	25959	35643
46913	52466	4700
36412	56436	13430
55280	60828	46086
44903	10239	66858
29883	51270	6751
16464	45232	20110
65908	6743	5352
8757	61827	54962
22341	12227	12646
21731	43705	66457
22752	19389	25141
49234	27250	61811
31765	5985	45681
49536	69959	52408
65524	2004	31096
7387	27965	48397
23344	4962	45378
19322	52739	18883
38659	34113	37111
41017	11121	64748
56031	32483	28862
24624	32690	18374
25230	63697	19174
52124	16042	23587
18694	16464	55137
12006	7561	24770
25470	32997	20308
54810	66858	6236
57697	46615	27407
11721	30595	28108
13489	20775	14982
46696	2929	39063
38589	27992	66187
45758	41144	13851
69386	30670	211
57491	68193	63463
62610	15677	11794
40976	14662	67467
41891	24715	69010
63669	28707	46965
47552	25468	67866
36857	35150	62687
32921	50913	3105
14184	53086	4135
35367	32005	5065
11752	56050	41341
56829	42269	34844
3872	16358	62583
59522	56436	16408
61324	12868	31077
30049	12114	8478
18368	19894	38050
5241	7925	18782
65200	65200	15297
1493	21202	60726
26760	56640	62237
19246	9124	67551
57534	13092	7709
12175	9473	56640
12646	67531	26094
61753	1496	3997
8884	40445	66732
40367	20308	953
35969	22612	61737
58841	59412	8730
67652	40059	23920
55427	11786	34056
15933	67463	51500
52381	33380	26972
54908	39815	47532
54285	35960	41917
35376	2137	6793
44339	34921	28266
34793	45393	31642
8478	20393	56322
14335	35430	50311
39527	8128	54488
60664	14444	6610
58219	28752	39733
17099	33380	33947
49863	58638	34964
15631	1359	38287
35138	7517	20460
34641	21731	45828
35215	58616	34563
31148	26809	39135
27575	69980	30405
18541	58145	1600
11043	53086	45149
358	27658	28466
45187	43289	25638
34491	14229	5815
19724	61593	69362
43075	59924	57757
51830	31370	30759
54155	78	16866
13288	44848	3426
49797	58610	49542
8113	40039	52076
58765	63050	63601
7181	60349	31109
23957	31589	57714
10144	12368	23016
32132	33459	25276
21364	48804	67859
22824	2472	38408
57108	6421	33651
60072	20647	18388
50422	29036	64388
48246	17863	61085
1632	38413	8327
51324	4097	58301
59102	5961	7716
65592	35218	44263
44960	13754	26425
60749	40034	10651
53992	64873	47454
31930	43086	4036
39323	37041	28068
6762	4307	60560
37331	51044	9908
29337	32748	24624
19437	7104	9727
23943	64562	39176
68352	68168	34254
65124	42194	40567
56213	925	47639
32889	7859	29041
56696	621	62610
63576	62905	57455
62669	21523	49982
46566	34306	33660
23443	30492	16408
63489	44979	49218
456	13969	27658
61516	56971	63296
56000	12265	44112
23938	42769	58385
17863	59344	65283
38399	33306	57895
48933	36661	57339
57143	6016	4148
67117	44326	39056
20098	39910	6610
58449	5706	25669
24777	12594	27204
57848	5324	54686
20060	61954	15677
19740	12072	27051
46942	45232	25939
10031	45738	66728
32201	14550	40529
48294	38856	58762
67875	34176	3883
67463	39962	41017
33165	15107	44649
60090	22622	28663
44265	54908	6843
56378	27869	11909
9617	58041	60030
69313	37997	19789
14806	68427	65772
19206	10847	10808
60159	15787	58817
48116	23943	58768
56005	35039	36257
27835	4135	3013
64325	18937	10775
59481	22858	65857
21205	61575	68891
31784	39511	31706
63455	65639	69988
39924	52861	58449
15231	28512	12203
3104	39950	67576
34929	54059	19528
65794	50156	19015
14615	45483	10280
66845	6434	11056
4838	9200	21248
8142	56097	63186
3833	20668	54309
47639	69766	9853
39399	55422	41399
33144	45903	18212
41504	45171	33171
9977	46198	26994
17249	45522	18009
63837	27262	66147
45913	54926	17457
45508	35795	31882
48154	8546	30465
53024	4962	56648
17530	30764	30083
31109	13255	6610
30080	6818	27400
13255	10740	10738
21821	45192	29686
46369	60268	21523
56648	48987	63625
36611	1380	27812
65440	10455	54559
20280	29800	28462
60207	49954	34504
19894	56483	62458
51084	14355	44246
48156	65030	55568
67132	64152	56845
14005	6350	20789
32427	60930	58768
57757	39733	20474
54571	50390	24478
24025	6567	11096
27072	58145	63626
26512	66628	28979
18883	60305	2790
41395	13969	26003
7519	31706	54021
24428	1974	1200
38897	1083	53828
65237	55696	56914
45140	44851	61002
60187	9101	67004
44944	11480	46392
63313	40066	32130
17368	26003	43374
2906	37868	52921
29083	21276	28431
9925	52301	52408
29802	41549	19745
29489	63064	67822
30205	24907	28886
17239	9971	14352
35824	52460	60122
13159	28171	16382
37749	4039	43737
60485	59663	55137
38583	49768	29317
27181	8085	55617
1119	51258	65008
7033	46148	11056
16766	31114	28065
5414	12684	30532
53727	55959	35481
21349	11787	26274
31937	9429	37868
30031	4010	14335
64025	54054	17447
67363	25806	65884
58541	29103	56436
66087	44222	47038
30728	10932	50437
20038	43477	56496
9527	29236	43510
4453	52186	38644
19101	36205	45989
28668	645	46938
13994	6957	33186
10639	60118	55569
33642	20644	40467
32730	52494	62151
7042	60870	63313
5735	29968	23871
69497	37111	20960
29788	60726	62731
66737	37033	56378
28689	56606	43128
55037	35352	58941
1334	3426	8142
31615	46418	65451
24166	23183	43303
16025	33171	3997
17290	40426	39654
16126	45192	48035
37716	2479	61862
30507	13257	68817
51404	26003	32959
60000	32647	5777
19622	19974	18610
8162	10280	34658
22630	54250	36258
46266	50889	33673
56978	48361	67828
2569	67675	2764
8730	14177	65192
44871	6087	50407
14153	4922	37504
26076	29205	10940
32350	1264	38226
31173	18372	50147
11671	56048	60579
29777	61279	41510
60899	27052	61610
37480	35155	67859
57315	9258	14511
57580	67305	34155
32603	31851	2567
21042	24550	6016
